point2 0.127943992614746 1.65205474853516 2.2191780090332 0 0 0 0 
point2 0.255912780761719 1.65205474853516 2.2191780090332 0 0 0 0 
point2 0.383954286575317 1.65205474853516 2.2191780090332 0 0 0 0 
point2 0.511939525604248 1.65205474853516 2.2191780090332 0 0 0 0 
point2 0.639900207519531 1.65205474853516 2.2191780090332 0 0 0 0 
point2 0.767886638641357 1.65205474853516 2.2191780090332 0 0 0 0 
point2 0.895925521850586 1.65205474853516 2.2191780090332 0 0 0 0 
point2 1.0239200592041 1.65205474853516 2.2191780090332 0 0 0 0 
point2 1.15189218521118 1.65205474853516 2.2191780090332 0 0 0 0 
point2 1.2798764705658 1.65205474853516 2.2191780090332 0 0 0 0 
point2 1.4079258441925 1.65205474853516 2.2191780090332 0 0 0 0 
point2 1.53589200973511 1.64762241518269 2.2191780090332 0 0 0 0 
point2 1.6638503074646 1.61646199262857 2.2191780090332 0 0 0 0 
point2 1.79188442230225 1.57645755117103 2.21638739759968 0 0 0 0 
point2 1.91987705230713 1.53517462303731 2.21506851196289 0 0 0 0 
point2 2.04782795906067 1.48369232583791 2.21506851196289 0 0 0 0 
point2 2.17581963539124 1.437881790371 2.21506851196289 0 0 0 0 
point2 2.30382013320923 1.38468960485776 2.21909738230466 0 0 0 0 
point2 2.43180632591248 1.33220315397041 2.2191780090332 0 0 0 0 
point2 2.55978584289551 1.28492052554673 2.2191780090332 0 0 0 0 
point2 2.68788528442383 1.23615650427602 2.22328765869141 0 0 0 0 
point2 2.81578063964844 1.1864376583556 2.2191780090332 0 0 0 0 
point2 2.94378209114075 1.13255465925212 2.2191780090332 0 0 0 0 
point2 3.07175517082214 1.08738248785367 2.2191780090332 0 0 0 0 
point2 3.19976663589478 1.05029660671572 2.2191780090332 0 0 0 0 
point2 3.32772827148438 1.00003823332985 2.2191780090332 0 0 0 0 
point2 3.45576977729797 0.947404382954641 2.2191780090332 0 0 0 0 
point2 3.583740234375 0.900901920820858 2.2191780090332 0 0 0 0 
point2 3.71177005767822 0.852947188819849 2.2191780090332 0 0 0 0 
point2 3.83971095085144 0.81578809744052 2.21200363178237 0 0 0 0 
point2 3.96775937080383 0.788254443707807 2.19784359107669 0 0 0 0 
point2 4.09579396247864 0.763497187863408 2.15898474171515 0 0 0 0 
point2 4.22369074821472 0.751443999612154 2.12038225960264 0 0 0 0 
point2 4.35168170928955 0.747945251464844 2.07695072843613 0 0 0 0 
point2 4.47966074943542 0.747945251464844 2.03064704183623 0 0 0 0 
point2 4.60770583152771 0.751211979272993 2.00063145534994 0 0 0 0 
point2 4.73576521873474 0.761916183538609 1.97342785637151 0 0 0 0 
point2 4.86366438865662 0.790465757712245 1.94562551984223 0 0 0 0 
point2 4.99168658256531 0.833011614126842 1.93150695800781 0 0 0 0 
point2 5.1196608543396 0.87912745057998 1.92328765869141 0 0 0 0 
point2 5.24763679504395 0.923203154984396 1.92328765869141 0 0 0 0 
point2 5.37559461593628 0.958768931472937 1.92013632611489 0 0 0 0 
point2 5.503666639328 1.00858702308029 1.9191780090332 0 0 0 0 
point2 5.63162922859192 1.06509624979399 1.9191780090332 0 0 0 0 
point2 5.75960612297058 1.09997043466423 1.9191780090332 0 0 0 0 
point2 5.88761401176453 1.15052484080944 1.92323430772176 0 0 0 0 
point2 6.01589179039001 1.20561915775173 1.92328765869141 0 0 0 0 
point2 6.14360404014587 1.26041691928343 1.92232677851705 0 0 0 0 
point2 6.27159261703491 1.30072185154227 1.9191780090332 0 0 0 0 
point2 6.39960145950317 1.35405079025918 1.9191780090332 0 0 0 0 
point2 6.52787804603577 1.40567932500387 1.9191780090332 0 0 0 0 
point2 6.65554475784302 1.44478351765839 1.9191780090332 0 0 0 0 
point2 6.78355765342712 1.50028405685772 1.91616688005339 0 0 0 0 
point2 6.91154527664185 1.55711064722877 1.91506851196289 0 0 0 0 
point2 7.03970432281494 1.59645952597969 1.91506851196289 0 0 0 0 
point2 7.16751599311829 1.64652814479393 1.9191780090332 0 0 0 0 
point2 7.29557967185974 1.70001916692145 1.9191780090332 0 0 0 0 
point2 7.42353010177612 1.75360530809231 1.9191780090332 0 0 0 0 
point2 7.55169081687927 1.79121994557155 1.9191780090332 0 0 0 0 
point2 7.67947697639465 1.83907462243589 1.9191780090332 0 0 0 0 
point2 7.80749320983887 1.87289273187511 1.91506851196289 0 0 0 0 
point2 7.93549489974976 1.89733393199678 1.89858589760979 0 0 0 0 
point2 8.06346035003662 1.91832306814435 1.87157288959636 0 0 0 0 
point2 8.19151949882507 1.93389456528122 1.82160409071718 0 0 0 0 
point2 8.31945967674255 1.93630814204131 1.78693912157448 0 0 0 0 
point2 8.44745969772339 1.93943559406835 1.73951820253979 0 0 0 0 
point2 8.5754554271698 1.93972610473633 1.69992603451242 0 0 0 0 
point2 8.70346641540527 1.95920316522259 1.67027762298223 0 0 0 0 
point2 8.83142614364624 1.99240199772932 1.6483195399186 0 0 0 0 
point2 8.95942544937134 2.03161591498775 1.6388492143614 0 0 0 0 
point2 9.08744215965271 2.07979910825545 1.63561645507812 0 0 0 0 
point2 9.21542406082153 2.11419182192396 1.63561645507812 0 0 0 0 
point2 9.3434145450592 2.15878844886868 1.63561645507812 0 0 0 0 
point2 9.47142171859741 2.19165232921236 1.64507701182954 0 0 0 0 
point2 9.59942865371704 2.22305686769802 1.67601997689752 0 0 0 0 
point2 9.72738671302795 2.23561645507812 1.70570375160262 0 0 0 0 
point2 9.8553569316864 2.24383560180664 1.75155016612688 0 0 0 0 
point2 9.98332667350769 2.24588120073969 1.78350635185177 0 0 0 0 
point2 10.1114325523376 2.25184739024038 1.83163255893597 0 0 0 0 
point2 10.2393457889557 2.25205474853516 1.87711172585913 0 0 0 0 
point2 10.3673231601715 2.25616439819336 1.9229713841834 0 0 0 0 
point2 10.4953627586365 2.25506109591398 1.97640882281397 0 0 0 0 
point2 10.6233620643616 2.25365621676861 2.02010448448019 0 0 0 0 
point2 10.7513687610626 2.25593337339667 2.07192597596857 0 0 0 0 
point2 10.8792991638184 2.25205474853516 2.11535804882257 0 0 0 0 
point2 11.0073132514954 2.24290297482662 2.14753697672207 0 0 0 0 
point2 11.1353423595428 2.22167367990033 2.17855142342254 0 0 0 0 
point2 11.2633531093597 2.1827099435174 2.20684936523437 0 0 0 0 
point2 11.3912596702576 2.13343354815819 2.21095886230469 0 0 0 0 
point2 11.5191540718079 2.09725351172639 2.2191780090332 0 0 0 0 
point2 11.6472523212433 2.05233028304582 2.22287632205391 0 0 0 0 
point2 11.7752614021301 2.00774033348734 2.2191780090332 0 0 0 0 
point2 11.9031660556793 1.97372265255542 2.22291438001267 0 0 0 0 
point2 12.0311861038208 1.92536479330633 2.22125522077328 0 0 0 0 
point2 12.1591196060181 1.93124102151308 2.22328765869141 0 0 0 0 
point2 12.2872583866119 1.94644544318636 2.21806807283322 0 0 0 0 
point2 12.4150915145874 1.94282758806433 2.20584131406396 0 0 0 0 
point2 12.5430932044983 1.92741940421229 2.20273971557617 0 0 0 0 
point2 12.6712572574615 1.92647342460644 2.20592559978045 0 0 0 0 
point2 12.7992374897003 1.93150695800781 2.20684936523437 0 0 0 0 
point2 12.9270827770233 1.93150695800781 2.20684936523437 0 0 0 0 
point2 13.0550894737244 1.93150695800781 2.20684936523437 0 0 0 0 
point2 13.1831812858582 1.93150695800781 2.20684936523437 0 0 0 0 
point2 13.3111252784729 1.93561645507812 2.20684936523437 0 0 0 0 
point2 13.4390559196472 1.93561645507812 2.21095886230469 0 0 0 0 
point2 13.5670220851898 1.93972610473633 2.21095886230469 0 0 0 0 
point2 13.6952373981476 1.93561645507812 2.20684936523437 0 0 0 0 
point2 13.8230171203613 1.93972610473633 2.20684936523437 0 0 0 0 
point2 13.9510819911957 1.93972610473633 2.20684936523437 0 0 0 0 
point2 14.0789983272552 1.9613168972098 2.20684936523437 0 0 0 0 
point2 14.2071733474731 1.99593554426491 2.21051729318218 0 0 0 0 
point2 14.3350846767426 2.03745915362948 2.21095886230469 0 0 0 0 
point2 14.4629836082458 2.08559685225167 2.21249507540599 0 0 0 0 
point2 14.5910556316376 2.13427023078437 2.21095886230469 0 0 0 0 
point2 14.7191197872162 2.16595224516754 2.21095886230469 0 0 0 0 
point2 14.8469769954681 2.19159253374967 2.2019519774108 0 0 0 0 
point2 14.9749312400818 2.22228768395675 2.17286286314995 0 0 0 0 
point2 15.1029658317566 2.23369774620743 2.13753760426619 0 0 0 0 
point2 15.2311248779297 2.24368594290587 2.09222983553073 0 0 0 0 
point2 15.3589103221893 2.24383560180664 2.04203022752584 0 0 0 0 
point2 15.4869077205658 2.24375307499617 1.9887110243249 0 0 0 0 
point2 15.6149208545685 2.23607483784583 1.94932036572923 0 0 0 0 
point2 15.7430419921875 2.24383560180664 1.8997103076168 0 0 0 0 
point2 15.8709483146667 2.24735379144079 1.8593086684267 0 0 0 0 
point2 15.9989047050476 2.24519481517599 1.80689204384227 0 0 0 0 
point2 16.1268534660339 2.24475235897301 1.74885143568874 0 0 0 0 
point2 16.2549962997437 2.2486954231227 1.7118396514927 0 0 0 0 
point2 16.3828296661377 2.25616439819336 1.66481112565701 0 0 0 0 
point2 16.5109298229218 2.25616439819336 1.63249780415906 0 0 0 0 
point2 16.6388251781464 2.26027389526367 1.59376355665122 0 0 0 0 
point2 16.7669589519501 2.25665972952014 1.54817744482919 0 0 0 0 
point2 16.8948249816895 2.25947220957892 1.5073163291104 0 0 0 0 
point2 17.0228002071381 2.25416368739986 1.4550110688232 0 0 0 0 
point2 17.1508567333221 2.25205474853516 1.4074231816824 0 0 0 0 
point2 17.2789220809937 2.2468785610209 1.36406943950271 0 0 0 0 
point2 17.4067912101746 2.23972610473633 1.30737807917707 0 0 0 0 
point2 17.5347757339478 2.23594187245007 1.27083928636028 0 0 0 0 
point2 17.6627583503723 2.23336298403639 1.21564345758863 0 0 0 0 
point2 17.7909948825836 2.23561645507812 1.17339483531011 0 0 0 0 
point2 17.918897151947 2.23561645507812 1.12126352087868 0 0 0 0 
point2 18.0467915534973 2.23765625069679 1.08091205039347 0 0 0 0 
point2 18.1747515201569 2.23972610473633 1.01912145576296 0 0 0 0 
point2 18.3029050827026 2.23645080109201 0.977309963320096 0 0 0 0 
point2 18.4309425354004 2.23972610473633 0.924245438305805 0 0 0 0 
point2 18.558721780777 2.23972610473633 0.883145998210527 0 0 0 0 
point2 18.6869909763336 2.24383560180664 0.832365194089631 0 0 0 0 
point2 18.8148708343506 2.23972610473633 0.808418899959215 0 0 0 0 
point2 18.9429597854614 2.22248292427373 0.779212460777053 0 0 0 0 
point2 19.0707170963287 2.1927232499725 0.753442150439232 0 0 0 0 
point2 19.1987209320068 2.14861899870308 0.741432836143533 0 0 0 0 
point2 19.3268263339996 2.102301711669 0.737753537882828 0 0 0 0 
point2 19.4548366069794 2.0662785111647 0.735616455078125 0 0 0 0 
point2 19.5835177898407 2.01579901838076 0.735616455078125 0 0 0 0 
point2 19.7107276916504 1.97077784584178 0.738291161983751 0 0 0 0 
point2 19.838707447052 1.92379269075475 0.73586896642194 0 0 0 0 
point2 19.9668064117432 1.87054123328349 0.735616455078125 0 0 0 0 
point2 20.0946867465973 1.81817546711369 0.739726028442383 0 0 0 0 
point2 20.222638130188 1.76484491282655 0.739726028442383 0 0 0 0 
point2 20.3507690429688 1.73437977345023 0.739792654669453 0 0 0 0 
point2 20.4787468910217 1.69377926158091 0.727606849324667 0 0 0 0 
point2 20.6066274642944 1.67415916649428 0.703299224554127 0 0 0 0 
point2 20.734610080719 1.65205474853516 0.659275370215327 0 0 0 0 
point2 20.86274766922 1.64794525146484 0.60969492916386 0 0 0 0 
point2 20.9907689094543 1.64794525146484 0.575177037907671 0 0 0 0 
point2 21.1185717582703 1.64794525146484 0.530791777891313 0 0 0 0 
point2 21.246561050415 1.65212413778577 0.505271304767918 0 0 0 0 
point2 21.3746931552887 1.6809080069832 0.468407140017481 0 0 0 0 
point2 21.5027000904083 1.71024222027722 0.453206946051191 0 0 0 0 
point2 21.6305932998657 1.75997280506512 0.44210952833653 0 0 0 0 
point2 21.7585415840149 1.79003127415727 0.438939335826926 0 0 0 0 
point2 21.8866810798645 1.83853812651985 0.435616416931152 0 0 0 0 
point2 22.0146868228912 1.8885417709221 0.431506843566895 0 0 0 0 
point2 22.1905689239502 1.94731821055936 0.431506843566895 0 0 0 0 
point2 22.3186752796173 2.00219218868016 0.431506843566895 0 0 0 0 
point2 22.4466135501862 2.05247371517713 0.431506843566895 0 0 0 0 
point2 22.5744786262512 2.09994571723387 0.437644080547873 0 0 0 0 
point2 22.7025053501129 2.14609536594357 0.43926607296198 0 0 0 0 
point2 22.8306863307953 2.17408774751519 0.442168741915356 0 0 0 0 
point2 22.9584951400757 2.20177913599243 0.440046219655521 0 0 0 0 
point2 23.0864446163177 2.23415031392011 0.413891250815967 0 0 0 0 
point2 23.2144646644592 2.25323414342725 0.365145511285228 0 0 0 0 
point2 23.342470407486 2.25205474853516 0.330999227989916 0 0 0 0 
point2 23.4707553386688 2.25205474853516 0.281127269790411 0 0 0 0 
point2 23.5987224578857 2.25205474853516 0.249853300464585 0 0 0 0 
point2 23.7266972064972 2.24773250834301 0.213273154781885 0 0 0 0 
point2 23.8545536994934 2.22636240837895 0.181324394488095 0 0 0 0 
point2 23.98282122612 2.20018205535211 0.164383563995361 0 0 0 0 
point2 24.1107652187347 2.16021830139215 0.15062918224058 0 0 0 0 
point2 24.2386939525604 2.10886851273437 0.143835611343384 0 0 0 0 
point2 24.3665211200714 2.06184065408021 0.139726028442383 0 0 0 0 
point2 24.4948072433472 2.01969362292575 0.141837296854244 0 0 0 0 
point2 24.6226592063904 1.96572914241646 0.136169220537845 0 0 0 0 
point2 24.7506732940674 1.91175702234729 0.136743599351028 0 0 0 0 
point2 24.9106407165527 1.85691661900289 0.139726028442383 0 0 0 0 
point2 25.0386276245117 1.80816528571183 0.135616436004639 0 0 0 0 
point2 25.166609287262 1.75053924743376 0.143835611343384 0 0 0 0 
point2 25.2944571971893 1.71208139845379 0.140556797776976 0 0 0 0 
point2 25.4226796627045 1.6620569628648 0.140501552795256 0 0 0 0 
point2 25.5502979755402 1.60480915402367 0.147427841768067 0 0 0 0 
point2 25.6782755851746 1.55801104362554 0.150175324264732 0 0 0 0 
point2 25.8064517974854 1.51157763248326 0.147945203781128 0 0 0 0 
point2 25.9342725276947 1.45270353173839 0.152054786682129 0 0 0 0 
point2 26.0622529983521 1.40998526828769 0.152054786682129 0 0 0 0 
point2 26.1902856826782 1.35888900130449 0.152054786682129 0 0 0 0 
point2 26.3182697296143 1.31706356220625 0.150498758949905 0 0 0 0 
point2 26.4464538097382 1.26338942304362 0.151618406318467 0 0 0 0 
point2 26.5742590427399 1.2183333563389 0.152054786682129 0 0 0 0 
point2 26.7022669315338 1.16131617821485 0.147945203781128 0 0 0 0 
point2 26.8302316665649 1.11512202846662 0.150671533904617 0 0 0 0 
point2 26.958375453949 1.06550286994606 0.152054786682129 0 0 0 0 
point2 27.0870044231415 1.03344614150738 0.152054786682129 0 0 0 0 
point2 27.2142467498779 0.978735811017178 0.152918781053049 0 0 0 0 
point2 27.3422179222107 0.916863288443281 0.155243215451885 0 0 0 0 
point2 27.4708476066589 0.87812586338771 0.156164379119873 0 0 0 0 
point2 27.5988347530365 0.829480863897593 0.154575819380865 0 0 0 0 
point2 27.7267882823944 0.783646881773596 0.151626586250435 0 0 0 0 
point2 27.8543221950531 0.748544088191759 0.147945203781128 0 0 0 0 
point2 27.9833347797394 0.701477943087834 0.145574954903428 0 0 0 0 
point2 28.1109549999237 0.661649832458011 0.143835611343384 0 0 0 0 
point2 28.2382838726044 0.605208102167597 0.143835611343384 0 0 0 0 
point2 28.3661901950836 0.558311525692417 0.147945203781128 0 0 0 0 
point2 28.4941754341125 0.510655960825003 0.151040559488239 0 0 0 0 
point2 28.6221396923065 0.456806468304505 0.156084120262855 0 0 0 0 
point2 28.7501194477081 0.414735910679687 0.156164379119873 0 0 0 0 
point2 28.8782794475555 0.361688442228703 0.153409788321155 0 0 0 0 
point2 29.0061287879944 0.311378363456098 0.15655927690065 0 0 0 0 
point2 29.1340844631195 0.269935967504133 0.156164379119873 0 0 0 0 
point2 29.2620878219604 0.233996512298743 0.163418682365378 0 0 0 0 
point2 29.3902111053467 0.210381752442947 0.178923591282724 0 0 0 0 
point2 29.5180969238281 0.185006376829777 0.217695903799932 0 0 0 0 
point2 29.6460456848145 0.174228390730038 0.25488549292774 0 0 0 0 
point2 29.7740314006805 0.17260274887085 0.304761593241554 0 0 0 0 
point2 29.9021980762482 0.1763950791323 0.354996161516054 0 0 0 0 
