range2 0.127943992614746 2.95522014829822 0.01 -0.02 -0.01 105 0 
range2 0.255912780761719 1.60500394277233 0.01 -0.02 2.365 107 0 
range2 0.383954286575317 0.893085013229014 0.01 2.385 2.36 108 0 
range2 0.511939525604248 2.31995642755202 0.01 2.385 -0.005 109 0 
range2 0.639900207519531 2.98484776993592 0.01 -0.02 -0.01 105 0 
range2 0.767886638641357 1.83137558679937 0.01 -0.02 2.365 107 0 
range2 0.895925521850586 0.94546606782572 0.01 2.385 2.36 108 0 
range2 1.0239200592041 2.35754736188077 0.01 2.385 -0.005 109 0 
range2 1.15189218521118 2.8960393720385 0.01 -0.02 -0.01 105 0 
range2 1.2798764705658 1.67082693402487 0.01 -0.02 2.365 107 0 
range2 1.4079258441925 0.866962712279091 0.01 2.385 2.36 108 0 
range2 1.53589200973511 2.34814559723756 0.01 2.385 -0.005 109 0 
range2 1.6638503074646 2.96509332426005 0.01 -0.02 -0.01 105 0 
range2 1.79188442230225 1.8408493223825 0.01 -0.02 2.365 107 0 
range2 1.91987705230713 0.954213813433624 0.01 2.385 2.36 108 0 
range2 2.04782795906067 2.52723128775035 0.01 2.385 -0.005 109 0 
range2 2.17581963539124 2.87633526671655 0.01 -0.02 -0.01 105 0 
range2 2.30382013320923 1.6520030176887 0.01 -0.02 2.365 107 0 
range2 2.43180632591248 1.15676944314012 0.01 2.385 2.36 108 0 
range2 2.55978584289551 2.60291585768323 0.01 2.385 -0.005 109 0 
range2 2.68788528442383 2.63109232863517 0.01 -0.02 -0.01 105 0 
range2 2.81578063964844 1.62379310641037 0.01 -0.02 2.365 107 0 
range2 2.94378209114075 1.36184275265282 0.01 2.385 2.36 108 0 
range2 3.07175517082214 2.66927249982309 0.01 2.385 -0.005 109 0 
range2 3.19976663589478 2.60180570702188 0.01 -0.02 -0.01 105 0 
range2 3.32772827148438 1.14008617640494 0.01 -0.02 2.365 107 0 
range2 3.45576977729797 1.58745991947456 0.01 2.385 2.36 108 0 
range2 3.583740234375 2.78330873217634 0.01 2.385 -0.005 109 0 
range2 3.71177005767822 2.53359955342596 0.01 -0.02 -0.01 105 0 
range2 3.83971095085144 0.829701061308904 0.01 -0.02 2.365 107 0 
range2 3.96775937080383 1.70584603744196 0.01 2.385 2.36 108 0 
range2 4.09579396247864 2.80234882444921 0.01 2.385 -0.005 109 0 
range2 4.22369074821472 2.43649079836983 0.01 -0.02 -0.01 105 0 
range2 4.35168170928955 0.766427355336283 0.01 -0.02 2.365 107 0 
range2 4.47966074943542 1.76988362234023 0.01 2.385 2.36 108 0 
range2 4.60770583152771 2.75476670434651 0.01 2.385 -0.005 109 0 
range2 4.73576521873474 2.21473817133128 0.01 -0.02 -0.01 105 0 
range2 4.86366438865662 0.947789834462409 0.01 -0.02 2.365 107 0 
range2 4.99168658256531 1.7607231082778 0.01 2.385 2.36 108 0 
range2 5.1196608543396 2.56505318778142 0.01 2.385 -0.005 109 0 
range2 5.24763679504395 2.25313441952429 0.01 -0.02 -0.01 105 0 
range2 5.37559461593628 1.07578146426236 0.01 -0.02 2.365 107 0 
range2 5.503666639328 1.56024175924276 0.01 2.385 2.36 108 0 
range2 5.63162922859192 2.40459623092241 0.01 2.385 -0.005 109 0 
range2 5.75960612297058 2.25313441952429 0.01 -0.02 -0.01 105 0 
range2 5.88761401176453 1.25078741431597 0.01 -0.02 2.365 107 0 
range2 6.01589179039001 1.37979013547224 0.01 2.385 2.36 108 0 
range2 6.14360404014587 2.38576869767705 0.01 2.385 -0.005 109 0 
range2 6.27159261703491 2.5920507851448 0.01 -0.02 -0.01 105 0 
range2 6.39960145950317 1.45520468692813 0.01 -0.02 2.365 107 0 
range2 6.52787804603577 1.17450373619722 0.01 2.385 2.36 108 0 
range2 6.65554475784302 2.31056543201854 0.01 2.385 -0.005 109 0 
range2 6.78355765342712 2.61156428873984 0.01 -0.02 -0.01 105 0 
range2 6.91154527664185 1.71794663040796 0.01 -0.02 2.365 107 0 
range2 7.03970432281494 0.99802723151685 0.01 2.385 2.36 108 0 
range2 7.16751599311829 2.18873096777636 0.01 2.385 -0.005 109 0 
range2 7.29557967185974 2.73874717315092 0.01 -0.02 -0.01 105 0 
range2 7.42353010177612 2.0691602596491 0.01 -0.02 2.365 107 0 
range2 7.55169081687927 0.832204346977417 0.01 2.385 2.36 108 0 
range2 7.67947697639465 2.04873809459359 0.01 2.385 -0.005 109 0 
range2 7.80749320983887 2.82712687628305 0.01 -0.02 -0.01 105 0 
range2 7.93549489974976 2.13607798216297 0.01 -0.02 2.365 107 0 
range2 8.06346035003662 0.711201348495704 0.01 2.385 2.36 108 0 
range2 8.19151949882507 1.90012504177268 0.01 2.385 -0.005 109 0 
range2 8.31945967674255 2.80746481034014 0.01 -0.02 -0.01 105 0 
range2 8.44745969772339 2.26072351544923 0.01 -0.02 2.365 107 0 
range2 8.5754554271698 0.875665065046445 0.01 2.385 2.36 108 0 
range2 8.70346641540527 1.84458960108351 0.01 2.385 -0.005 109 0 
range2 8.83142614364624 2.79763844262417 0.01 -0.02 -0.01 105 0 
range2 8.95942544937134 2.44371668091669 0.01 -0.02 2.365 107 0 
range2 9.08744215965271 0.849573300165431 0.01 2.385 2.36 108 0 
range2 9.21542406082153 1.70622646746754 0.01 2.385 -0.005 109 0 
range2 9.3434145450592 2.87633526671655 0.01 -0.02 -0.01 105 0 
range2 9.47142171859741 2.51136665870438 0.01 -0.02 2.365 107 0 
range2 9.59942865371704 0.814855933952148 0.01 2.385 2.36 108 0 
range2 9.72738671302795 1.78916220333572 0.01 2.385 -0.005 109 0 
range2 9.8553569316864 3.09368152505626 0.01 -0.02 -0.01 105 0 
range2 9.98332667350769 2.41476105711167 0.01 -0.02 2.365 107 0 
range2 10.1114325523376 0.737044438022114 0.01 2.385 2.36 108 0 
range2 10.2393457889557 2.29179156779875 0.01 2.385 -0.005 109 0 
range2 10.3673231601715 3.14324833703218 0.01 -0.02 -0.01 105 0 
range2 10.4953627586365 2.39546994738529 0.01 -0.02 2.365 107 0 
range2 10.6233620643616 0.497715354641311 0.01 2.385 2.36 108 0 
range2 10.7513687610626 2.38576869767705 0.01 2.385 -0.005 109 0 
range2 10.8792991638184 3.3719280488944 0.01 -0.02 -0.01 105 0 
range2 11.0073132514954 2.30878775869706 0.01 -0.02 2.365 107 0 
range2 11.1353423595428 0.271038045871832 0.01 2.385 2.36 108 0 
range2 11.2633531093597 2.27302857860255 0.01 2.385 -0.005 109 0 
range2 11.3912596702576 3.3022230408245 0.01 -0.02 -0.01 105 0 
range2 11.5191540718079 2.46303293453343 0.01 -0.02 2.365 107 0 
range2 11.6472523212433 0.41328000931185 0.01 2.385 2.36 108 0 
range2 11.7752614021301 2.32935012418908 0.01 2.385 -0.005 109 0 
range2 11.9031660556793 3.23260772571354 0.01 -0.02 -0.01 105 0 
range2 12.0311861038208 1.74625906324915 0.01 -0.02 2.365 107 0 
range2 12.1591196060181 0.531644931435982 0.01 2.385 2.36 108 0 
range2 12.2872583866119 2.35754736188077 0.01 2.385 -0.005 109 0 
range2 12.4150915145874 3.06396969035033 0.01 -0.02 -0.01 105 0 
range2 12.5430932044983 1.9738151215982 0.01 -0.02 2.365 107 0 
range2 12.6712572574615 0.608306680646962 0.01 2.385 2.36 108 0 
range2 12.7992374897003 2.37635891798461 0.01 2.385 -0.005 109 0 
range2 12.9270827770233 3.24254694436824 0.01 -0.02 -0.01 105 0 
range2 13.0550894737244 1.93576221821193 0.01 -0.02 2.365 107 0 
range2 13.1831812858582 0.608306680646962 0.01 2.385 2.36 108 0 
range2 13.3111252784729 2.34814559723756 0.01 2.385 -0.005 109 0 
range2 13.4390559196472 3.28232341196293 0.01 -0.02 -0.01 105 0 
range2 13.5670220851898 1.93576221821193 0.01 -0.02 2.365 107 0 
range2 13.6952373981476 0.565662355478547 0.01 2.385 2.36 108 0 
range2 13.8230171203613 2.32935012418908 0.01 2.385 -0.005 109 0 
range2 13.9510819911957 3.26243131110203 0.01 -0.02 -0.01 105 0 
range2 14.0789983272552 1.95478249501619 0.01 -0.02 2.365 107 0 
range2 14.2071733474731 0.531644931435982 0.01 2.385 2.36 108 0 
range2 14.3350846767426 2.26365117684854 0.01 2.385 -0.005 109 0 
range2 14.4629836082458 3.16309094123348 0.01 -0.02 -0.01 105 0 
range2 14.5910556316376 2.18396261143809 0.01 -0.02 2.365 107 0 
range2 14.7191197872162 0.304357654880305 0.01 2.385 2.36 108 0 
range2 14.8469769954681 2.23553541357214 0.01 2.385 -0.005 109 0 
range2 14.9749312400818 3.25248814808634 0.01 -0.02 -0.01 105 0 
range2 15.1029658317566 2.24151675600262 0.01 -0.02 2.365 107 0 
range2 15.2311248779297 0.354509804146319 0.01 2.385 2.36 108 0 
range2 15.3589103221893 2.26365117684854 0.01 2.385 -0.005 109 0 
range2 15.4869077205658 3.21273534665754 0.01 -0.02 -0.01 105 0 
range2 15.6149208545685 2.38582821909582 0.01 -0.02 2.365 107 0 
range2 15.7430419921875 0.557149799329647 0.01 2.385 2.36 108 0 
range2 15.8709483146667 1.89086168594672 0.01 2.385 -0.005 109 0 
range2 15.9989047050476 3.02438831485386 0.01 -0.02 -0.01 105 0 
range2 16.1268534660339 2.57913501978566 0.01 -0.02 2.365 107 0 
range2 16.2549962997437 0.711201348495704 0.01 2.385 2.36 108 0 
range2 16.3828296661377 1.9372080651175 0.01 2.385 -0.005 109 0 
range2 16.5109298229218 2.96509332426005 0.01 -0.02 -0.01 105 0 
range2 16.6388251781464 2.70529108068799 0.01 -0.02 2.365 107 0 
range2 16.7669589519501 0.875665065046445 0.01 2.385 2.36 108 0 
range2 16.8948249816895 1.65107473755006 0.01 2.385 -0.005 109 0 
range2 17.0228002071381 2.80746481034014 0.01 -0.02 -0.01 105 0 
range2 17.1508567333221 2.71501100835398 0.01 -0.02 2.365 107 0 
range2 17.2789220809937 1.07720188353944 0.01 2.385 2.36 108 0 
range2 17.4067912101746 1.45893789272191 0.01 2.385 -0.005 109 0 
range2 17.5347757339478 2.82712687628305 0.01 -0.02 -0.01 105 0 
range2 17.6627583503723 2.79284768058631 0.01 -0.02 2.365 107 0 
range2 17.7909948825836 1.27237900904438 0.01 2.385 2.36 108 0 
range2 17.918897151947 1.25918905984014 0.01 2.385 -0.005 109 0 
range2 18.0467915534973 2.63109232863517 0.01 -0.02 -0.01 105 0 
range2 18.1747515201569 2.90008928189039 0.01 -0.02 2.365 107 0 
range2 18.3029050827026 1.48785004715668 0.01 2.385 2.36 108 0 
range2 18.4309425354004 1.0521097483204 0.01 2.385 -0.005 109 0 
range2 18.558721780777 2.5530682113614 0.01 -0.02 -0.01 105 0 
range2 18.6869909763336 2.9196135941896 0.01 -0.02 2.365 107 0 
range2 18.8148708343506 1.65111800251026 0.01 2.385 2.36 108 0 
range2 18.9429597854614 0.855771903570084 0.01 2.385 -0.005 109 0 
range2 19.0707170963287 2.78781521943293 0.01 -0.02 -0.01 105 0 
range2 19.1987209320068 2.83181631331026 0.01 -0.02 2.365 107 0 
range2 19.3268263339996 1.72412194315846 0.01 2.385 2.36 108 0 
range2 19.4548366069794 0.802528557599564 0.01 2.385 -0.005 109 0 
range2 19.5835177898407 2.41711739716803 0.01 -0.02 -0.01 105 0 
range2 19.7107276916504 2.60821385885543 0.01 -0.02 2.365 107 0 
range2 19.838707447052 1.80656626508124 0.01 2.385 2.36 108 0 
range2 19.9668064117432 0.9626507210241 0.01 2.385 -0.005 109 0 
range2 20.0946867465973 2.18599014497455 0.01 -0.02 -0.01 105 0 
range2 20.222638130188 2.44371668091669 0.01 -0.02 2.365 107 0 
range2 20.3507690429688 1.90777390313158 0.01 2.385 2.36 108 0 
range2 20.4787468910217 1.11494044756121 0.01 2.385 -0.005 109 0 
range2 20.6066274642944 1.97652729738787 0.01 -0.02 -0.01 105 0 
range2 20.734610080719 3.04670563668481 0.01 -0.02 2.365 107 0 
range2 20.86274766922 2.04654539286895 0.01 2.385 2.36 108 0 
range2 20.9907689094543 0.980514139168549 0.01 2.385 -0.005 109 0 
range2 21.1185717582703 1.7976953634515 0.01 -0.02 -0.01 105 0 
range2 21.246561050415 2.96845794308553 0.01 -0.02 2.365 107 0 
range2 21.3746931552887 2.31720824299739 0.01 2.385 2.36 108 0 
range2 21.5027000904083 0.953724366935967 0.01 2.385 -0.005 109 0 
range2 21.6305932998657 1.95760912864605 0.01 -0.02 -0.01 105 0 
range2 21.7585415840149 2.65672444061632 0.01 -0.02 2.365 107 0 
range2 21.8866810798645 2.17683026251043 0.01 2.385 2.36 108 0 
range2 22.0146868228912 0.722912191681683 0.01 2.385 -0.005 109 0 
range2 22.1905689239502 2.77337579945375 0.01 -0.02 2.365 107 0 
range2 22.3186752796173 2.12090533707165 0.01 2.385 2.36 108 0 
range2 22.4466135501862 0.555830812730688 0.01 2.385 -0.005 109 0 
range2 22.5744786262512 2.23392701754466 0.01 -0.02 -0.01 105 0 
range2 22.7025053501129 2.90008928189039 0.01 -0.02 2.365 107 0 
range2 22.8306863307953 1.99093324530215 0.01 2.385 2.36 108 0 
range2 22.9584951400757 0.485893431234556 0.01 2.385 -0.005 109 0 
range2 23.0864446163177 2.388088480214 0.01 -0.02 -0.01 105 0 
range2 23.2144646644592 2.97823247478934 0.01 -0.02 2.365 107 0 
range2 23.342470407486 2.18616381965131 0.01 2.385 2.36 108 0 
range2 23.4707553386688 0.346768501824058 0.01 2.385 -0.005 109 0 
range2 23.5987224578857 2.29160406627645 0.01 -0.02 -0.01 105 0 
range2 23.7266972064972 3.26245612062072 0.01 -0.02 2.365 107 0 
range2 23.8545536994934 2.18616381965131 0.01 2.385 2.36 108 0 
range2 23.98282122612 0.191473211003444 0.01 2.385 -0.005 109 0 
range2 24.1107652187347 2.34944255149005 0.01 -0.02 -0.01 105 0 
range2 24.2386939525604 3.06628558419574 0.01 -0.02 2.365 107 0 
range2 24.3665211200714 2.34537861715997 0.01 2.385 2.36 108 0 
range2 24.4948072433472 0.398822129717388 0.01 2.385 -0.005 109 0 
range2 24.6226592063904 2.26274501451193 0.01 -0.02 -0.01 105 0 
range2 24.7506732940674 2.9489145068719 0.01 -0.02 2.365 107 0 
range2 24.9106407165527 0.582120895825945 0.01 2.385 -0.005 109 0 
range2 25.0386276245117 2.0334090099482 0.01 -0.02 -0.01 105 0 
range2 25.166609287262 2.89033004931811 0.01 -0.02 2.365 107 0 
range2 25.2944571971893 2.52449846401663 0.01 2.385 2.36 108 0 
range2 25.4226796627045 0.820261690895069 0.01 2.385 -0.005 109 0 
range2 25.5502979755402 1.78833985214081 0.01 -0.02 -0.01 105 0 
range2 25.6782755851746 2.71501100835398 0.01 -0.02 2.365 107 0 
range2 25.8064517974854 2.50558734816466 0.01 2.385 2.36 108 0 
range2 25.9342725276947 0.953724366935967 0.01 2.385 -0.005 109 0 
range2 26.0622529983521 1.62096595441738 0.01 -0.02 -0.01 105 0 
range2 26.1902856826782 3.0271328062033 0.01 -0.02 2.365 107 0 
range2 26.3182697296143 2.66674012293211 0.01 2.385 2.36 108 0 
range2 26.4464538097382 1.18695515855833 0.01 2.385 -0.005 109 0 
range2 26.5742590427399 1.3466295414501 0.01 -0.02 -0.01 105 0 
range2 26.7022669315338 2.50169503559152 0.01 -0.02 2.365 107 0 
range2 26.8302316665649 2.76195675591431 0.01 2.385 2.36 108 0 
range2 26.958375453949 1.42250114756265 0.01 2.385 -0.005 109 0 
range2 27.0870044231415 1.14946379237915 0.01 -0.02 -0.01 105 0 
range2 27.2142467498779 2.54039597764897 0.01 -0.02 2.365 107 0 
range2 27.3422179222107 2.69527308829768 0.01 2.385 2.36 108 0 
range2 27.4708476066589 1.76148941774176 0.01 2.385 -0.005 109 0 
range2 27.5988347530365 0.956002357168221 0.01 -0.02 -0.01 105 0 
range2 27.7267882823944 2.34728708655652 0.01 -0.02 2.365 107 0 
range2 27.8543221950531 2.9628735957903 0.01 2.385 2.36 108 0 
range2 27.9833347797394 1.81686231740656 0.01 2.385 -0.005 109 0 
range2 28.1109549999237 0.800662700738617 0.01 -0.02 -0.01 105 0 
range2 28.2382838726044 2.37618905729133 0.01 -0.02 2.365 107 0 
range2 28.3661901950836 3.03974083183152 0.01 2.385 2.36 108 0 
range2 28.4941754341125 2.02081642152309 0.01 2.385 -0.005 109 0 
range2 28.6221396923065 0.57297580957689 0.01 -0.02 -0.01 105 0 
range2 28.7501194477081 2.3280321507343 0.01 -0.02 2.365 107 0 
range2 28.8782794475555 3.22298298545391 0.01 2.385 2.36 108 0 
range2 29.0061287879944 2.16068165499834 0.01 2.385 -0.005 109 0 
range2 29.1340844631195 0.376312161484286 0.01 -0.02 -0.01 105 0 
range2 29.2620878219604 2.17438002007677 0.01 -0.02 2.365 107 0 
range2 29.3902111053467 3.28104010318123 0.01 2.385 2.36 108 0 
range2 29.5180969238281 2.09533157277427 0.01 2.385 -0.005 109 0 
range2 29.6460456848145 0.312019796039594 0.01 -0.02 -0.01 105 0 
range2 29.7740314006805 2.56944672788813 0.01 -0.02 2.365 107 0 
range2 29.9021980762482 3.14571415367563 0.01 2.385 2.36 108 0 
odom2diff 0.127943992614746 0 0 0 0.0785 0.0001 0.0001 0.0001
odom2diff 0.255912780761719 0 0 0 0.0785 0.0001 0.0001 0.0001
odom2diff 0.383954286575317 0 0 0 0.0785 0.0001 0.0001 0.0001
odom2diff 0.511939525604248 0 0 0 0.0785 0.0001 0.0001 0.0001
odom2diff 0.639900207519531 0 0 0 0.0785 0.0001 0.0001 0.0001
odom2diff 0.767886638641357 0 0 0 0.0785 0.0001 0.0001 0.0001
odom2diff 0.895925521850586 0 0 0 0.0785 0.0001 0.0001 0.0001
odom2diff 1.0239200592041 0 0 0 0.0785 0.0001 0.0001 0.0001
odom2diff 1.15189218521118 0 0 0 0.0785 0.0001 0.0001 0.0001
odom2diff 1.2798764705658 0 0 0 0.0785 0.0001 0.0001 0.0001
odom2diff 1.4079258441925 0.0399653870383646 0.0481926672512633 0 0.0785 0.0001 0.0001 0.0001
odom2diff 1.53589200973511 0.192486228170715 0.226557069857382 0 0.0785 0.0001 0.0001 0.0001
odom2diff 1.6638503074646 0.314689080270671 0.304893902772981 0 0.0785 0.0001 0.0001 0.0001
odom2diff 1.79188442230225 0.37562940170778 0.353024516587196 0 0.0785 0.0001 0.0001 0.0001
odom2diff 1.91987705230713 0.402086877949865 0.376201937918831 0 0.0785 0.0001 0.0001 0.0001
odom2diff 2.04782795906067 0.402336366256004 0.380580431609633 0 0.0785 0.0001 0.0001 0.0001
odom2diff 2.17581963539124 0.412744862937238 0.385767568957004 0 0.0785 0.0001 0.0001 0.0001
odom2diff 2.30382013320923 0.397853721916919 0.402644084048166 0 0.0785 0.0001 0.0001 0.0001
odom2diff 2.43180632591248 0.377967057506979 0.40268807279187 0 0.0785 0.0001 0.0001 0.0001
odom2diff 2.55978584289551 0.373829824896219 0.395959488093338 0 0.0785 0.0001 0.0001 0.0001
odom2diff 2.68788528442383 0.391798976783353 0.395169943521772 0 0.0785 0.0001 0.0001 0.0001
odom2diff 2.81578063964844 0.390387864440967 0.391797652106079 0 0.0785 0.0001 0.0001 0.0001
odom2diff 2.94378209114075 0.392262004452628 0.390482105007262 0 0.0785 0.0001 0.0001 0.0001
odom2diff 3.07175517082214 0.381854337382444 0.382005635644734 0 0.0785 0.0001 0.0001 0.0001
odom2diff 3.19976663589478 0.394256430325502 0.380936103993258 0 0.0785 0.0001 0.0001 0.0001
odom2diff 3.32772827148438 0.393869501724005 0.389544931682318 0 0.0785 0.0001 0.0001 0.0001
odom2diff 3.45576977729797 0.37681534865009 0.400371316819421 0 0.0785 0.0001 0.0001 0.0001
odom2diff 3.583740234375 0.364761338867804 0.384573479017109 0 0.0785 0.0001 0.0001 0.0001
odom2diff 3.71177005767822 0.0697241426098339 0.478173694665988 0 0.0785 0.0001 0.0001 0.0001
odom2diff 3.83971095085144 0.0207744642435521 0.60627389414123 0 0.0785 0.0001 0.0001 0.0001
odom2diff 3.96775937080383 0.116877192550711 0.559041320750557 0 0.0785 0.0001 0.0001 0.0001
odom2diff 4.09579396247864 0.214843476015984 0.48759053928487 0 0.0785 0.0001 0.0001 0.0001
odom2diff 4.22369074821472 0.272582215188792 0.41625558210981 0 0.0785 0.0001 0.0001 0.0001
odom2diff 4.35168170928955 0.30229405776633 0.352514592465841 0 0.0785 0.0001 0.0001 0.0001
odom2diff 4.47966074943542 0.0973169349265196 0.393405442434903 0 0.0785 0.0001 0.0001 0.0001
odom2diff 4.60770583152771 0.00713526921468036 0.594974439479039 0 0.0785 0.0001 0.0001 0.0001
odom2diff 4.73576521873474 0.072481254143801 0.567024606672531 0 0.0785 0.0001 0.0001 0.0001
odom2diff 4.86366438865662 0.177763743681775 0.506134848461793 0 0.0785 0.0001 0.0001 0.0001
odom2diff 4.99168658256531 0.253965643532792 0.427187072309352 0 0.0785 0.0001 0.0001 0.0001
odom2diff 5.1196608543396 0.301383966541723 0.358110972292162 0 0.0785 0.0001 0.0001 0.0001
odom2diff 5.24763679504395 0.345293574786455 0.347537459776168 0 0.0785 0.0001 0.0001 0.0001
odom2diff 5.37559461593628 0.356611636117888 0.381361237641744 0 0.0785 0.0001 0.0001 0.0001
odom2diff 5.503666639328 0.371086917584555 0.391849162388185 0 0.0785 0.0001 0.0001 0.0001
odom2diff 5.63162922859192 0.381217802399899 0.406648032256138 0 0.0785 0.0001 0.0001 0.0001
odom2diff 5.75960612297058 0.389482007211371 0.404317641123144 0 0.0785 0.0001 0.0001 0.0001
odom2diff 5.88761401176453 0.402935939376851 0.396206871435609 0 0.0785 0.0001 0.0001 0.0001
odom2diff 6.01589179039001 0.394685954038091 0.385248047339946 0 0.0785 0.0001 0.0001 0.0001
odom2diff 6.14360404014587 0.395078796019809 0.380429272756293 0 0.0785 0.0001 0.0001 0.0001
odom2diff 6.27159261703491 0.389683418248855 0.387426263968974 0 0.0785 0.0001 0.0001 0.0001
odom2diff 6.39960145950317 0.387066564378929 0.385875928155595 0 0.0785 0.0001 0.0001 0.0001
odom2diff 6.52787804603577 0.38913191311017 0.386779387118111 0 0.0785 0.0001 0.0001 0.0001
odom2diff 6.65554475784302 0.400906842784118 0.399133129488078 0 0.0785 0.0001 0.0001 0.0001
odom2diff 6.78355765342712 0.381239664757247 0.409138289305869 0 0.0785 0.0001 0.0001 0.0001
odom2diff 6.91154527664185 0.376332550067858 0.413795596564999 0 0.0785 0.0001 0.0001 0.0001
odom2diff 7.03970432281494 0.382230909908341 0.395952365611686 0 0.0785 0.0001 0.0001 0.0001
odom2diff 7.16751599311829 0.393374610715874 0.380370243906949 0 0.0785 0.0001 0.0001 0.0001
odom2diff 7.29557967185974 0.395175753407729 0.372475569410992 0 0.0785 0.0001 0.0001 0.0001
odom2diff 7.42353010177612 0.387875907681278 0.370562339123291 0 0.0785 0.0001 0.0001 0.0001
odom2diff 7.55169081687927 0.353158786120076 0.354838578566093 0 0.0785 0.0001 0.0001 0.0001
odom2diff 7.67947697639465 0.448202292438782 0.0207119558770873 0 0.0785 0.0001 0.0001 0.0001
odom2diff 7.80749320983887 0.562309668903707 0.00776770761311839 0 0.0785 0.0001 0.0001 0.0001
odom2diff 7.93549489974976 0.547131073704838 0.0633449894375043 0 0.0785 0.0001 0.0001 0.0001
odom2diff 8.06346035003662 0.506459398803219 0.190860727503743 0 0.0785 0.0001 0.0001 0.0001
odom2diff 8.19151949882507 0.424269213087658 0.274655606468638 0 0.0785 0.0001 0.0001 0.0001
odom2diff 8.31945967674255 0.358853016992952 0.313369206191736 0 0.0785 0.0001 0.0001 0.0001
odom2diff 8.44745969772339 0.111025171482774 0.434660196601379 0 0.0785 0.0001 0.0001 0.0001
odom2diff 8.5754554271698 -0.000285228683343559 0.620383863757946 0 0.0785 0.0001 0.0001 0.0001
odom2diff 8.70346641540527 0.0726414651684502 0.60528913025517 0 0.0785 0.0001 0.0001 0.0001
odom2diff 8.83142614364624 0.19270553735054 0.528341486783667 0 0.0785 0.0001 0.0001 0.0001
odom2diff 8.95942544937134 0.271281041388401 0.454007520407865 0 0.0785 0.0001 0.0001 0.0001
odom2diff 9.08744215965271 0.311687619338447 0.380339380887553 0 0.0785 0.0001 0.0001 0.0001
odom2diff 9.21542406082153 0.21012264766849 0.385198777041471 0 0.0785 0.0001 0.0001 0.0001
odom2diff 9.3434145450592 0.000667813845550754 0.547005413614681 0 0.0785 0.0001 0.0001 0.0001
odom2diff 9.47142171859741 0.0440813083933348 0.543586298146993 0 0.0785 0.0001 0.0001 0.0001
odom2diff 9.59942865371704 0.149799490940331 0.478962608096506 0 0.0785 0.0001 0.0001 0.0001
odom2diff 9.72738671302795 0.225731461038883 0.415628070243694 0 0.0785 0.0001 0.0001 0.0001
odom2diff 9.8553569316864 0.272811965088649 0.359066237141881 0 0.0785 0.0001 0.0001 0.0001
odom2diff 9.98332667350769 0.351439380376803 0.332718534945376 0 0.0785 0.0001 0.0001 0.0001
odom2diff 10.1114325523376 0.357634318139533 0.376051076411042 0 0.0785 0.0001 0.0001 0.0001
odom2diff 10.2393457889557 0.374991954074943 0.401583843957911 0 0.0785 0.0001 0.0001 0.0001
odom2diff 10.3673231601715 0.38096614838578 0.406388960253236 0 0.0785 0.0001 0.0001 0.0001
odom2diff 10.4953627586365 0.375732718203901 0.40483402795487 0 0.0785 0.0001 0.0001 0.0001
odom2diff 10.6233620643616 0.37504958169759 0.410007483992715 0 0.0785 0.0001 0.0001 0.0001
odom2diff 10.7513687610626 0.369274250779812 0.376952991397404 0 0.0785 0.0001 0.0001 0.0001
odom2diff 10.8792991638184 0.0339619453768147 0.490819566841328 0 0.0785 0.0001 0.0001 0.0001
odom2diff 11.0073132514954 0.0232456742504957 0.620748393080421 0 0.0785 0.0001 0.0001 0.0001
odom2diff 11.1353423595428 0.122163783873141 0.549632078270111 0 0.0785 0.0001 0.0001 0.0001
odom2diff 11.2633531093597 0.214455726385116 0.481395427242943 0 0.0785 0.0001 0.0001 0.0001
odom2diff 11.3912596702576 0.273651798679164 0.414436302985064 0 0.0785 0.0001 0.0001 0.0001
odom2diff 11.5191540718079 0.312082092382306 0.3523839732629 0 0.0785 0.0001 0.0001 0.0001
odom2diff 11.6472523212433 0.372919916607267 0.328786914654796 0 0.0785 0.0001 0.0001 0.0001
odom2diff 11.7752614021301 0.375549516410355 0.352581571354758 0 0.0785 0.0001 0.0001 0.0001
odom2diff 11.9031660556793 0.174397737727008 0.190999184496633 0 0.0785 0.0001 0.0001 0.0001
odom2diff 12.0311861038208 0.118547369684903 -0.0531599794975604 0 0.0785 0.0001 0.0001 0.0001
odom2diff 12.1591196060181 0.376927480137687 -0.401139843721707 0 0.0785 0.0001 0.0001 0.0001
odom2diff 12.2872583866119 0.47417486339173 -0.557144588228231 0 0.0785 0.0001 0.0001 0.0001
odom2diff 12.4150915145874 0.383331757352991 -0.497195637056588 0 0.0785 0.0001 0.0001 0.0001
odom2diff 12.5430932044983 0.231538679897013 -0.282873245271527 0 0.0785 0.0001 0.0001 0.0001
odom2diff 12.6712572574615 0.100017156373811 -0.0765544828550476 0 0.0785 0.0001 0.0001 0.0001
odom2diff 12.7992374897003 0.0306118973282146 -0.00667697449741955 0 0.0785 0.0001 0.0001 0.0001
odom2diff 12.9270827770233 0.00444304792488134 0.000596827333193016 0 0.0785 0.0001 0.0001 0.0001
odom2diff 13.0550894737244 0 0 0 0.0785 0.0001 0.0001 0.0001
odom2diff 13.1831812858582 0 0 0 0.0785 0.0001 0.0001 0.0001
odom2diff 13.3111252784729 0.0464893492281957 -0.000889415669918071 0 0.0785 0.0001 0.0001 0.0001
odom2diff 13.4390559196472 0.0514754475086355 -0.01060740223885 0 0.0785 0.0001 0.0001 0.0001
odom2diff 13.5670220851898 0.0281646014037429 -0.0175501843404528 0 0.0785 0.0001 0.0001 0.0001
odom2diff 13.6952373981476 0.0128275045674433 -0.00597472691463766 0 0.0785 0.0001 0.0001 0.0001
odom2diff 13.8230171203613 0.0227226869339554 0.0176494210754551 0 0.0785 0.0001 0.0001 0.0001
odom2diff 13.9510819911957 0.12891267574984 0.136979915478933 0 0.0785 0.0001 0.0001 0.0001
odom2diff 14.0789983272552 0.244416418868167 0.289745532439326 0 0.0785 0.0001 0.0001 0.0001
odom2diff 14.2071733474731 0.344083976544059 0.328463667351964 0 0.0785 0.0001 0.0001 0.0001
odom2diff 14.3350846767426 0.381644108924352 0.35772031126584 0 0.0785 0.0001 0.0001 0.0001
odom2diff 14.4629836082458 0.358836381798489 0.363297762793578 0 0.0785 0.0001 0.0001 0.0001
odom2diff 14.5910556316376 0.369409292901485 0.163691869248784 0 0.0785 0.0001 0.0001 0.0001
odom2diff 14.7191197872162 0.527266134954739 0.00817188926320588 0 0.0785 0.0001 0.0001 0.0001
odom2diff 14.8469769954681 0.54626869950043 0.0313725744163051 0 0.0785 0.0001 0.0001 0.0001
odom2diff 14.9749312400818 0.538833313160336 0.139067885162761 0 0.0785 0.0001 0.0001 0.0001
odom2diff 15.1029658317566 0.490274617053195 0.247610444271269 0 0.0785 0.0001 0.0001 0.0001
odom2diff 15.2311248779297 0.416917756859991 0.315232831939581 0 0.0785 0.0001 0.0001 0.0001
odom2diff 15.3589103221893 0.366641623056362 0.380360228216432 0 0.0785 0.0001 0.0001 0.0001
odom2diff 15.4869077205658 0.377407647584161 0.405289616395621 0 0.0785 0.0001 0.0001 0.0001
odom2diff 15.6149208545685 0.385225356734499 0.408270242068948 0 0.0785 0.0001 0.0001 0.0001
odom2diff 15.7430419921875 0.395956453045863 0.398567765822661 0 0.0785 0.0001 0.0001 0.0001
odom2diff 15.8709483146667 0.387625723786573 0.397542992106472 0 0.0785 0.0001 0.0001 0.0001
odom2diff 15.9989047050476 0.377562171862359 0.395768249023843 0 0.0785 0.0001 0.0001 0.0001
odom2diff 16.1268534660339 0.350019486278004 0.374010747999041 0 0.0785 0.0001 0.0001 0.0001
odom2diff 16.2549962997437 0.322233093987447 0.339394019923029 0 0.0785 0.0001 0.0001 0.0001
odom2diff 16.3828296661377 0.313687506190534 0.298798284164577 0 0.0785 0.0001 0.0001 0.0001
odom2diff 16.5109298229218 0.317304104173672 0.275204804642133 0 0.0785 0.0001 0.0001 0.0001
odom2diff 16.6388251781464 0.318065695592381 0.281652466019955 0 0.0785 0.0001 0.0001 0.0001
odom2diff 16.7669589519501 0.345982172436372 0.332729300442097 0 0.0785 0.0001 0.0001 0.0001
odom2diff 16.8948249816895 0.414530162059895 0.371576941139189 0 0.0785 0.0001 0.0001 0.0001
odom2diff 17.0228002071381 0.435442384207112 0.367451657281777 0 0.0785 0.0001 0.0001 0.0001
odom2diff 17.1508567333221 0.403037261596299 0.390518471779446 0 0.0785 0.0001 0.0001 0.0001
odom2diff 17.2789220809937 0.386652760131602 0.414832173536603 0 0.0785 0.0001 0.0001 0.0001
odom2diff 17.4067912101746 0.356536979539223 0.41817313797274 0 0.0785 0.0001 0.0001 0.0001
odom2diff 17.5347757339478 0.360119988526695 0.410657780363252 0 0.0785 0.0001 0.0001 0.0001
odom2diff 17.6627583503723 0.371095105765966 0.399811078803766 0 0.0785 0.0001 0.0001 0.0001
odom2diff 17.7909948825836 0.386147305732035 0.385365865134566 0 0.0785 0.0001 0.0001 0.0001
odom2diff 17.918897151947 0.381479388849225 0.388769107286563 0 0.0785 0.0001 0.0001 0.0001
odom2diff 18.0467915534973 0.379889274400731 0.394387034622014 0 0.0785 0.0001 0.0001 0.0001
odom2diff 18.1747515201569 0.39813187080566 0.384750788244978 0 0.0785 0.0001 0.0001 0.0001
odom2diff 18.3029050827026 0.395163229075004 0.380369794616164 0 0.0785 0.0001 0.0001 0.0001
odom2diff 18.4309425354004 0.378954645392782 0.39577958184201 0 0.0785 0.0001 0.0001 0.0001
odom2diff 18.558721780777 0.356596258639506 0.36562633746083 0 0.0785 0.0001 0.0001 0.0001
odom2diff 18.6869909763336 0.459780750376707 -0.0110194261099365 0 0.0785 0.0001 0.0001 0.0001
odom2diff 18.8148708343506 0.559480028372553 0.00314262026321155 0 0.0785 0.0001 0.0001 0.0001
odom2diff 18.9429597854614 0.539485536288927 0.0660050408441156 0 0.0785 0.0001 0.0001 0.0001
odom2diff 19.0707170963287 0.500012968453396 0.191992567115303 0 0.0785 0.0001 0.0001 0.0001
odom2diff 19.1987209320068 0.428329871047326 0.27648696608403 0 0.0785 0.0001 0.0001 0.0001
odom2diff 19.3268263339996 0.382871539602399 0.322465738982431 0 0.0785 0.0001 0.0001 0.0001
odom2diff 19.4548366069794 0.38196879701742 0.369245783620898 0 0.0785 0.0001 0.0001 0.0001
odom2diff 19.5835177898407 0.39615808648085 0.393868156060621 0 0.0785 0.0001 0.0001 0.0001
odom2diff 19.7107276916504 0.398876717489074 0.391463557527041 0 0.0785 0.0001 0.0001 0.0001
odom2diff 19.838707447052 0.401693265016936 0.393125291763917 0 0.0785 0.0001 0.0001 0.0001
odom2diff 19.9668064117432 0.392004855777955 0.389811922320184 0 0.0785 0.0001 0.0001 0.0001
odom2diff 20.0946867465973 0.391227096007395 0.37297604302459 0 0.0785 0.0001 0.0001 0.0001
odom2diff 20.222638130188 0.203894696243717 0.421018564433295 0 0.0785 0.0001 0.0001 0.0001
odom2diff 20.3507690429688 -0.0052063654012389 0.589878690696294 0 0.0785 0.0001 0.0001 0.0001
odom2diff 20.4787468910217 0.0446400876133137 0.615281077330669 0 0.0785 0.0001 0.0001 0.0001
odom2diff 20.6066274642944 0.178385848563006 0.533844130400926 0 0.0785 0.0001 0.0001 0.0001
odom2diff 20.734610080719 0.255760233833334 0.457883294286489 0 0.0785 0.0001 0.0001 0.0001
odom2diff 20.86274766922 0.303363786700914 0.390867226821152 0 0.0785 0.0001 0.0001 0.0001
odom2diff 20.9907689094543 0.272477798934522 0.350516722183979 0 0.0785 0.0001 0.0001 0.0001
odom2diff 21.1185717582703 -0.00619414469594618 0.523316767637168 0 0.0785 0.0001 0.0001 0.0001
odom2diff 21.246561050415 0.0348189773691374 0.577249821926471 0 0.0785 0.0001 0.0001 0.0001
odom2diff 21.3746931552887 0.137612004646053 0.506267173407019 0 0.0785 0.0001 0.0001 0.0001
odom2diff 21.5027000904083 0.218754366572045 0.439194949409745 0 0.0785 0.0001 0.0001 0.0001
odom2diff 21.6305932998657 0.275411451400649 0.377090947745994 0 0.0785 0.0001 0.0001 0.0001
odom2diff 21.7585415840149 0.329397095462932 0.348784860573053 0 0.0785 0.0001 0.0001 0.0001
odom2diff 21.8866810798645 0.347277564834059 0.365951207235374 0 0.0785 0.0001 0.0001 0.0001
odom2diff 22.0146868228912 0.360992211920743 0.392585775903818 0 0.0785 0.0001 0.0001 0.0001
odom2diff 22.1905689239502 0.370910331632673 0.421198086190951 0 0.0785 0.0001 0.0001 0.0001
odom2diff 22.3186752796173 0.374060999541923 0.421515688824321 0 0.0785 0.0001 0.0001 0.0001
odom2diff 22.4466135501862 0.361831217586577 0.408166986114224 0 0.0785 0.0001 0.0001 0.0001
odom2diff 22.5744786262512 0.345488246689019 0.371500597368979 0 0.0785 0.0001 0.0001 0.0001
odom2diff 22.7025053501129 0.428208148166747 0.0831619547033356 0 0.0785 0.0001 0.0001 0.0001
odom2diff 22.8306863307953 0.5509404553187 -0.00667612577047593 0 0.0785 0.0001 0.0001 0.0001
odom2diff 22.9584951400757 0.562906884599526 0.012142066861623 0 0.0785 0.0001 0.0001 0.0001
odom2diff 23.0864446163177 0.53936856448383 0.127831459939201 0 0.0785 0.0001 0.0001 0.0001
odom2diff 23.2144646644592 0.445138558404172 0.244982480211187 0 0.0785 0.0001 0.0001 0.0001
odom2diff 23.342470407486 0.371081183279217 0.305219347645369 0 0.0785 0.0001 0.0001 0.0001
odom2diff 23.4707553386688 0.316678823747344 0.338405942545126 0 0.0785 0.0001 0.0001 0.0001
odom2diff 23.5987224578857 0.424793220301717 0.0269147669195137 0 0.0785 0.0001 0.0001 0.0001
odom2diff 23.7266972064972 0.541632063135439 0.0111150063027454 0 0.0785 0.0001 0.0001 0.0001
odom2diff 23.8545536994934 0.541153571938372 0.0849031981919955 0 0.0785 0.0001 0.0001 0.0001
odom2diff 23.98282122612 0.514273205265629 0.209615305938911 0 0.0785 0.0001 0.0001 0.0001
odom2diff 24.1107652187347 0.436863565208152 0.277650168094426 0 0.0785 0.0001 0.0001 0.0001
odom2diff 24.2386939525604 0.383116561082454 0.328067777180932 0 0.0785 0.0001 0.0001 0.0001
odom2diff 24.3665211200714 0.370554634168639 0.379462470469644 0 0.0785 0.0001 0.0001 0.0001
odom2diff 24.4948072433472 0.3852906747636 0.388715753040141 0 0.0785 0.0001 0.0001 0.0001
odom2diff 24.6226592063904 0.403829803156229 0.388187881564757 0 0.0785 0.0001 0.0001 0.0001
odom2diff 24.7506732940674 0.414543418625037 0.38137087221263 0 0.0785 0.0001 0.0001 0.0001
odom2diff 24.9106407165527 0.399075646504091 0.382961110737062 0 0.0785 0.0001 0.0001 0.0001
odom2diff 25.0386276245117 0.386135954990693 0.386333627756848 0 0.0785 0.0001 0.0001 0.0001
odom2diff 25.166609287262 0.392479468892836 0.39034171275757 0 0.0785 0.0001 0.0001 0.0001
odom2diff 25.2944571971893 0.395419215913707 0.391340198292826 0 0.0785 0.0001 0.0001 0.0001
odom2diff 25.4226796627045 0.392415651488116 0.387211645757594 0 0.0785 0.0001 0.0001 0.0001
odom2diff 25.5502979755402 0.387537832524546 0.396339231572022 0 0.0785 0.0001 0.0001 0.0001
odom2diff 25.6782755851746 0.390689606875679 0.396635225041604 0 0.0785 0.0001 0.0001 0.0001
odom2diff 25.8064517974854 0.379966305797347 0.407725249371946 0 0.0785 0.0001 0.0001 0.0001
odom2diff 25.9342725276947 0.377800271980597 0.40005835906497 0 0.0785 0.0001 0.0001 0.0001
odom2diff 26.0622529983521 0.383462427890055 0.39367833299955 0 0.0785 0.0001 0.0001 0.0001
odom2diff 26.1902856826782 0.391022326001149 0.39071263435415 0 0.0785 0.0001 0.0001 0.0001
odom2diff 26.3182697296143 0.388501884843164 0.387460539478438 0 0.0785 0.0001 0.0001 0.0001
odom2diff 26.4464538097382 0.387214220968006 0.392167042705296 0 0.0785 0.0001 0.0001 0.0001
odom2diff 26.5742590427399 0.401438496169524 0.382766874670937 0 0.0785 0.0001 0.0001 0.0001
odom2diff 26.7022669315338 0.401774998608852 0.386911883573092 0 0.0785 0.0001 0.0001 0.0001
odom2diff 26.8302316665649 0.382717217940003 0.389965387957029 0 0.0785 0.0001 0.0001 0.0001
odom2diff 26.958375453949 0.384949678779185 0.385333183630035 0 0.0785 0.0001 0.0001 0.0001
odom2diff 27.0870044231415 0.409421453090063 0.370159413755441 0 0.0785 0.0001 0.0001 0.0001
odom2diff 27.2142467498779 0.383580864543005 0.400895146385113 0 0.0785 0.0001 0.0001 0.0001
odom2diff 27.3422179222107 0.360067675542583 0.41785937607908 0 0.0785 0.0001 0.0001 0.0001
odom2diff 27.4708476066589 0.343624483158448 0.396968857755652 0 0.0785 0.0001 0.0001 0.0001
odom2diff 27.5988347530365 0.323881646101003 0.351216174846271 0 0.0785 0.0001 0.0001 0.0001
odom2diff 27.7267882823944 0.331336612996216 0.319568727895008 0 0.0785 0.0001 0.0001 0.0001
odom2diff 27.8543221950531 0.36496221061315 0.334181399687069 0 0.0785 0.0001 0.0001 0.0001
odom2diff 27.9833347797394 0.403940917688001 0.34650426723564 0 0.0785 0.0001 0.0001 0.0001
odom2diff 28.1109549999237 0.429615171253828 0.350389677851655 0 0.0785 0.0001 0.0001 0.0001
odom2diff 28.2382838726044 0.401771628474647 0.387497025357362 0 0.0785 0.0001 0.0001 0.0001
odom2diff 28.3661901950836 0.377097029710487 0.406295994441231 0 0.0785 0.0001 0.0001 0.0001
odom2diff 28.4941754341125 0.381001392905912 0.401937329551743 0 0.0785 0.0001 0.0001 0.0001
odom2diff 28.6221396923065 0.386941783371809 0.404862135499618 0 0.0785 0.0001 0.0001 0.0001
odom2diff 28.7501194477081 0.386439247557633 0.397511570445032 0 0.0785 0.0001 0.0001 0.0001
odom2diff 28.8782794475555 0.374266437681993 0.400049671046101 0 0.0785 0.0001 0.0001 0.0001
odom2diff 29.0061287879944 0.378996407441774 0.340362979020561 0 0.0785 0.0001 0.0001 0.0001
odom2diff 29.1340844631195 0.481851703171891 0.0583476104214645 0 0.0785 0.0001 0.0001 0.0001
odom2diff 29.2620878219604 0.568054831288967 0.007713598846356 0 0.0785 0.0001 0.0001 0.0001
odom2diff 29.3902111053467 0.54524836473942 0.0907491118637297 0 0.0785 0.0001 0.0001 0.0001
odom2diff 29.5180969238281 0.50399524772906 0.213561790217637 0 0.0785 0.0001 0.0001 0.0001
odom2diff 29.6460456848145 0.424804639688584 0.288737987388641 0 0.0785 0.0001 0.0001 0.0001
odom2diff 29.7740314006805 0.379583969736205 0.348970404571608 0 0.0785 0.0001 0.0001 0.0001
odom2diff 29.9021980762482 0.362876643660957 0.40639010122033 0 0.0785 0.0001 0.0001 0.0001
