point2 12.972590446472 -4.8307471046844 0.36171428650164 0 0 0 0                       
point2 19.271327495575 -4.8307471046844 0.36171428650164 0 0 0 0                       
point2 21.270827531815 -4.8307471046844 0.36171428650164 0 0 0 0                       
point2 23.170538425446 -4.8307471046844 0.36171428650164 0 0 0 0                       
point2 25.070090532303 -4.8307471046844 0.36171428650164 0 0 0 0                       
point2 27.069619417191 -4.8307471046844 0.36171428650164 0 0 0 0                       
point2 28.869441509247 -4.8307471046844 0.36171428650164 0 0 0 0                       
point2 30.668867349625 -4.8307471046844 0.36171428650164 0 0 0 0                       
point2 32.468562364578 -4.8307471046844 0.36171428650164 0 0 0 0                       
point2 34.268243312836 -4.8307471046844 0.36171428650164 0 0 0 0                       
point2 36.167859315872 -4.8307471046844 0.36171428650164 0 0 0 0                       
point2 37.967356443405 -4.8307471046844 0.36171428650164 0 0 0 0                       
point2 39.767077445984 -4.8307471046844 0.36171428650164 0 0 0 0                       
point2 41.566645383835 -4.8307471046844 0.36171428650164 0 0 0 0                       
point2 43.466311454773 -5.1146443913043 0.34953072502475 0 0 0 0                       
point2 45.265833377838 -5.866122498126 0.35897945691368 0 0 0 0                       
point2 47.265537500381 -6.7586142367728 0.33386490092317 0 0 0 0                       
point2 49.365138530731 -7.5916562377092 0.36974009833416 0 0 0 0                       
point2 51.364577531815 -8.389704673838 0.36402104581288 0 0 0 0                       
point2 53.364230394363 -9.1521650884139 0.37548139898436 0 0 0 0                       
point2 55.463868379593 -9.9612454400814 0.38996223228993 0 0 0 0                       
point2 57.463371515274 -10.774963346936 0.41803204881402 0 0 0 0                       
point2 59.463061332703 -11.536475744855 0.45401205782353 0 0 0 0                       
point2 61.462597370148 -12.263759502276 0.49140316400062 0 0 0 0                       
point2 63.462140321732 -13.082299262956 0.52193625635449 0 0 0 0                       
point2 65.561792373657 -13.933851674122 0.49565232307489 0 0 0 0                       
point2 67.561257362366 -14.74956360763 0.45721300746961 0 0 0 0                       
point2 69.561009407043 -15.543128631365 0.4402671654341 0 0 0 0                       
point2 71.460495471954 -16.319267301958 0.45587911937254 0 0 0 0                       
point2 73.460120439529 -17.114222327597 0.47791332459665 0 0 0 0                       
point2 75.459691524506 -17.8827127137 0.50395296870878 0 0 0 0                       
point2 77.559300422668 -18.71986998944 0.53533009909867 0 0 0 0                       
point2 79.458954334259 -19.46635133999 0.5725938221455 0 0 0 0                       
point2 81.558430433273 -20.318037502786 0.62115363175468 0 0 0 0                       
point2 83.458100318909 -21.098556527751 0.66693289666108 0 0 0 0                       
point2 85.457657337189 -21.922728285016 0.7187030206312 0 0 0 0                       
point2 87.457230329514 -22.77709515864 0.74707268544662 0 0 0 0                       
point2 89.55682849884 -23.681783728861 0.72061461802353 0 0 0 0                       
point2 91.556316375732 -24.488291039611 0.69724217744666 0 0 0 0                       
point2 93.556000471115 -25.291756322199 0.67651973311778 0 0 0 0                       
point2 95.555623531342 -26.062037612046 0.66802466639906 0 0 0 0                       
point2 97.55509853363 -26.83378144946 0.65771924988709 0 0 0 0                       
point2 99.654764413834 -27.673217004506 0.65142036767624 0 0 0 0                       
point2 101.65443849564 -28.499041760079 0.65627434242561 0 0 0 0                       
point2 103.6538643837 -29.324836559212 0.64917782362741 0 0 0 0                       
point2 105.65349245071 -30.151637556403 0.66020534702777 0 0 0 0                       
point2 107.65308737755 -30.971844081354 0.67717971681036 0 0 0 0                       
point2 109.65265631676 -31.788715394989 0.6974321241868 0 0 0 0                       
point2 111.65234541893 -32.570754508604 0.71053017414734 0 0 0 0                       
point2 113.65182638168 -33.336226007472 0.73145014794294 0 0 0 0                       
point2 115.65136933327 -34.102316010575 0.75540826020135 0 0 0 0                       
point2 117.65108442307 -34.887861660395 0.77371107743438 0 0 0 0                       
point2 119.65071034431 -35.672926087923 0.81304227637271 0 0 0 0                       
point2 121.85011935234 -36.544467043807 0.85018855260902 0 0 0 0                       
point2 123.74979639053 -37.32082594257 0.8901429707805 0 0 0 0                       
point2 125.74937438965 -38.144106286605 0.93474039576608 0 0 0 0                       
point2 127.74889540672 -38.936047222239 0.98615397801366 0 0 0 0                       
point2 129.74853539467 -39.760847063355 0.94724814423564 0 0 0 0                       
point2 131.74816536903 -40.563819697218 0.89763037252988 0 0 0 0                       
point2 133.74780750275 -41.330352307137 0.8816569869331 0 0 0 0                       
point2 135.84736251831 -42.160756867638 0.79532115985045 0 0 0 0                       
point2 137.8468735218 -42.981253834749 0.77907169823677 0 0 0 0                       
point2 139.84643936157 -43.781409806735 0.78925182242629 0 0 0 0                       
point2 141.84605336189 -44.582990609551 0.80088109137668 0 0 0 0                       
point2 144.04565048218 -45.492653037075 0.82393715451712 0 0 0 0                       
point2 146.04512643814 -46.302630329344 0.84760628114077 0 0 0 0                       
point2 148.04480338097 -47.114203044406 0.86870755331293 0 0 0 0                       
point2 150.04437637329 -47.935751208595 0.89499832718976 0 0 0 0                       
point2 152.04392337799 -48.725967503131 0.90527021119059 0 0 0 0                       
point2 154.04346132278 -49.496184874072 0.87813080249838 0 0 0 0                       
point2 156.04314136505 -50.303565890869 0.85063095884235 0 0 0 0                       
point2 158.04264545441 -51.116202114051 0.82907961374707 0 0 0 0                       
point2 160.14230036736 -51.987395337581 0.80035247948713 0 0 0 0                       
point2 162.14186739922 -52.776659983915 0.780603093888 0 0 0 0                       
point2 164.54125738144 -53.770777034181 0.76579945156869 0 0 0 0                       
point2 166.54098153114 -54.581544404013 0.75451184830487 0 0 0 0                       
point2 168.54044437408 -55.409436022755 0.74396858889009 0 0 0 0                       
point2 170.54014134407 -56.222647406024 0.72867722487095 0 0 0 0                       
point2 172.53976750374 -57.039698139976 0.7191091342015 0 0 0 0                       
point2 174.53918242455 -57.820379406757 0.72834751290539 0 0 0 0                       
point2 176.53883242607 -58.64512332879 0.73960934694076 0 0 0 0                       
point2 178.53842449188 -59.444470716134 0.74998789289896 0 0 0 0                       
point2 180.53792953491 -60.225522851377 0.67727282440692 0 0 0 0                       
point2 182.53759336472 -61.028112746487 0.66224522332983 0 0 0 0                       
point2 184.93717551231 -62.026876956298 0.66763949249721 0 0 0 0                       
point2 186.93658947945 -62.867425926073 0.67708353443213 0 0 0 0                       
point2 188.93614554405 -63.532684294103 0.68343557013899 0 0 0 0                       
point2 190.93583345413 -64.301325339089 0.68133886254068 0 0 0 0                       
point2 192.93538045883 -65.120427772069 0.57440853414867 0 0 0 0                       
point2 194.93499135971 -65.89826342112 0.49183887500328 0 0 0 0                       
point2 196.93447732925 -66.655682352693 0.40191561512884 0 0 0 0                       
point2 198.83404040337 -67.420219138004 0.33399249299335 0 0 0 0                       
point2 200.83363938332 -68.216136957114 0.26914881940003 0 0 0 0                       
point2 202.83321833611 -69.05097788937 0.19537484471701 0 0 0 0                       
point2 204.83281731606 -69.921984935176 0.12160809852142 0 0 0 0                       
point2 207.13241147995 -70.84743615798 0.049579135069962 0 0 0 0                       
point2 209.0319674015 -71.64276501902 0.032529106683765 0 0 0 0                       
point2 210.93153548241 -72.420412545994 0.051461131792204 0 0 0 0                       
point2 212.93105554581 -73.181406046402 0.071712124577821 0 0 0 0                       
point2 214.93074345589 -73.968878883321 0.10379701630043 0 0 0 0                       
point2 216.93024754524 -74.735988786715 0.12591746415234 0 0 0 0                       
point2 218.92991447449 -75.516575111666 0.16199897711113 0 0 0 0                       
point2 220.92940354347 -76.307221558575 0.14429703589906 0 0 0 0                       
point2 222.9289765358 -77.126298824394 0.030867274166458 0 0 0 0                       
point2 224.92851543427 -77.947202955808 -0.0087569962634539 0 0 0 0                       
point2 226.92815542221 -78.754607571356 -0.033407398098001 0 0 0 0                       
point2 229.22764635086 -79.649459010245 -0.055447223171871 0 0 0 0                       
point2 231.22722148895 -79.841546138822 -0.060254380455619 0 0 0 0                       
point2 233.22685337067 -79.8414886371 -0.059984784294402 0 0 0 0                       
point2 235.22637248039 -79.842473206819 -0.07505039994569 0 0 0 0                       
point2 237.2260324955 -79.846381270488 -0.08322042738677 0 0 0 0                       
point2 239.22558045387 -79.833002400593 -0.082986918399703 0 0 0 0                       
point2 241.22510147095 -79.426377431608 -0.045175774869056 0 0 0 0                       
point2 243.22480535507 -78.617462260025 0.028287091451332 0 0 0 0                       
point2 245.22425937653 -77.802790942374 0.098431632630557 0 0 0 0                       
point2 247.22388744354 -76.972058111171 0.16706131239084 0 0 0 0                       
point2 249.22344446182 -76.170197615882 0.17422817350529 0 0 0 0                       
point2 251.52295446396 -75.29367055537 0.2533747376501 0 0 0 0                       
point2 253.52259635925 -74.47111318693 0.30452175431911 0 0 0 0                       
point2 255.52217340469 -73.607321842111 0.32012421185694 0 0 0 0                       
point2 257.52169632912 -72.792410998404 0.37731232360594 0 0 0 0                       
point2 259.52126646042 -72.001220554909 0.41147604843961 0 0 0 0                       
point2 261.52082848549 -71.177073905766 0.38384236709943 0 0 0 0                       
point2 263.52042031288 -70.412013620691 0.41879118669725 0 0 0 0                       
point2 265.51999950409 -69.63887834385 0.48307799267219 0 0 0 0                       
point2 267.51961445808 -68.818950122568 0.47961969994003 0 0 0 0                       
point2 269.51914048195 -68.025895730232 0.46196528365643 0 0 0 0                       
point2 271.51870536804 -67.232459327596 0.51534443114677 0 0 0 0                       
point2 273.91828250885 -66.282797354678 0.5942345314432 0 0 0 0                       
point2 275.9178185463 -65.474489992338 0.66102934012585 0 0 0 0                       
point2 277.81745243073 -64.712755557443 0.65566001164727 0 0 0 0                       
point2 279.81704449654 -63.87258445105 0.61637405829653 0 0 0 0                       
point2 281.91654133797 -62.97320986472 0.61409965133899 0 0 0 0                       
point2 283.81610941887 -62.194593095255 0.68632474125512 0 0 0 0                       
point2 285.81582140923 -61.352333330719 0.73767184934486 0 0 0 0                       
point2 287.81531238556 -60.535926518467 0.70937102189149 0 0 0 0                       
point2 289.81490731239 -59.74324653416 0.67213965682554 0 0 0 0                       
point2 291.8145275116 -58.944467262792 0.76145985471197 0 0 0 0                       
point2 293.81412744522 -58.183441010723 0.80287675465918 0 0 0 0                       
point2 296.313539505 -57.238300805523 0.94026796876991 0 0 0 0                       
point2 298.31310653687 -56.462568347098 1.0148556065769 0 0 0 0                       
point2 300.31269550323 -55.662903002501 1.0299149355079 0 0 0 0                       
point2 302.21229052544 -54.869803572428 0.97361694810282 0 0 0 0                       
point2 304.31184148788 -54.042900579384 0.91339326145916 0 0 0 0                       
point2 306.31146550179 -53.272647567308 0.95267243837116 0 0 0 0                       
point2 308.21105647087 -52.539954679356 0.97798125428083 0 0 0 0                       
point2 310.21066737175 -51.779551003871 0.99456291864568 0 0 0 0                       
point2 312.21025252342 -50.992842937872 1.0155024468382 0 0 0 0                       
point2 314.20998454094 -50.2012119039 1.0340964298229 0 0 0 0                       
point2 316.20936632156 -49.365645187056 1.0473691057714 0 0 0 0                       
point2 318.70898342133 -48.363784277764 1.0576495517311 0 0 0 0                       
point2 320.60850548744 -47.626262778634 1.0631470477691 0 0 0 0                       
point2 322.60804033279 -46.823178897623 1.0606173278621 0 0 0 0                       
point2 324.60762143135 -46.010729478771 1.0461701454729 0 0 0 0                       
point2 326.70724344254 -45.157605257971 1.029577582881 0 0 0 0                       
point2 328.60671138763 -44.373111809204 1.0136360674238 0 0 0 0                       
point2 330.60643053055 -43.584526778567 0.99193369061222 0 0 0 0                       
point2 332.60608935356 -42.798355604351 0.97294172098358 0 0 0 0                       
point2 334.60545754433 -41.994586904427 0.95239042802441 0 0 0 0                       
point2 336.60516047478 -41.164633337643 0.92082491195897 0 0 0 0                       
point2 338.60465931892 -40.359627496429 0.95067815307712 0 0 0 0                       
point2 341.10411453247 -39.342073731947 1.0072680129001 0 0 0 0                       
point2 343.10379052162 -38.556583761899 1.0041611646702 0 0 0 0                       
point2 345.10328149796 -37.735665419902 0.90162449772458 0 0 0 0                       
point2 347.10292553902 -36.901317433431 0.91304950592453 0 0 0 0                       
point2 349.1025094986 -36.107206900065 0.94296858660577 0 0 0 0                       
point2 351.10205054283 -35.318206567739 0.97114747458506 0 0 0 0                       
point2 353.10158038139 -34.534211549497 0.99396186543855 0 0 0 0                       
point2 355.1012673378 -33.712330778879 0.99298654537139 0 0 0 0                       
point2 357.1008913517 -32.918840432841 0.93038280660106 0 0 0 0                       
point2 359.10032749176 -32.109827390491 0.90403845784673 0 0 0 0                       
point2 361.09993433952 -31.287003276088 0.90826437661291 0 0 0 0                       
point2 363.59941935539 -30.324439410861 0.93603647155085 0 0 0 0                       
point2 365.59899544716 -29.476040053902 0.94016182435174 0 0 0 0                       
point2 367.5986263752 -28.717248452264 0.94974872785055 0 0 0 0                       
point2 369.59819149971 -27.928191828698 0.95376899177977 0 0 0 0                       
point2 371.59773039818 -27.143572896747 0.95220174905222 0 0 0 0                       
point2 373.59743738174 -26.33166909566 0.94504066205416 0 0 0 0                       
point2 375.69696640968 -25.469591474222 0.93369551961021 0 0 0 0                       
point2 377.69645142555 -24.647669962619 0.90783348976671 0 0 0 0                       
point2 379.79605746269 -23.776864701725 0.89140198499881 0 0 0 0                       
point2 381.79569339752 -22.982865460192 0.86340966801289 0 0 0 0                       
point2 384.29511833191 -21.922547756189 0.8344829301117 0 0 0 0                       
point2 386.29478740692 -21.134720562541 0.79663144987053 0 0 0 0                       
point2 388.29422235489 -20.336613334923 0.7601631617269 0 0 0 0                       
point2 390.29383254051 -19.508671953069 0.73120268614734 0 0 0 0                       
point2 392.39344549179 -18.65245026578 0.6709796996393 0 0 0 0                       
point2 394.49294137955 -17.822012215948 0.60837920014819 0 0 0 0                       
point2 396.49258542061 -16.979121990009 0.546183445634 0 0 0 0                       
point2 398.49211335182 -16.187711330801 0.47532654900764 0 0 0 0                       
point2 400.49170541763 -15.375600986664 0.49499359910988 0 0 0 0                       
point2 402.59125351906 -14.558622696692 0.50609081068741 0 0 0 0                       
point2 405.09070134163 -13.613856653518 0.48582003060965 0 0 0 0                       
point2 407.09039855003 -12.87662396202 0.44994921330158 0 0 0 0                       
point2 409.18992447853 -12.012344278351 0.43198976563704 0 0 0 0                       
point2 411.08961939812 -11.236752616195 0.40918281459497 0 0 0 0                       
point2 413.18913531303 -10.392414141639 0.3640864471542 0 0 0 0                       
point2 415.18861436844 -9.595039891292 0.31700406002234 0 0 0 0                       
point2 417.18827533722 -8.7815890539403 0.25746842829715 0 0 0 0                       
point2 419.1878194809 -8.007779852566 0.18794603654264 0 0 0 0                       
point2 421.28742647171 -7.2087169331462 0.14452841057427 0 0 0 0                       
point2 423.28689050674 -6.426501686016 0.16280298059304 0 0 0 0                       
point2 425.88636851311 -5.4125140534863 0.19316063769996 0 0 0 0                       
point2 427.78603339195 -4.6067596730143 0.20284653294442 0 0 0 0                       
point2 429.88551831245 -3.710276755469 0.21087211929602 0 0 0 0                       
point2 431.88510847092 -2.8662228118848 0.19663566513036 0 0 0 0                       
point2 433.98471546173 -1.9861055816882 0.18320869972258 0 0 0 0                       
point2 435.98423051834 -1.2051182431467 0.17181146484499 0 0 0 0                       
point2 437.98390436172 -0.37613571837909 0.11952750027251 0 0 0 0                       
point2 439.9834394455 0.41337460661412 0.0082197813194718 0 0 0 0                       
point2 442.08300733566 1.2167054395865 -0.10162054000871 0 0 0 0                       
point2 444.08266949654 2.0317412745012 -0.1122675437919 0 0 0 0                       
point2 446.78211450577 3.0301528989159 -0.08982977621913 0 0 0 0                       
point2 448.68170642853 3.7696583102468 -0.14525773058611 0 0 0 0                       
point2 450.78119635582 4.5845347396347 -0.13388379494532 0 0 0 0                       
point2 452.88077831268 5.4457700538524 -0.16202260032973 0 0 0 0                       
point2 454.88033938408 6.2787400624031 -0.21111964630248 0 0 0 0                       
point2 456.97990942001 7.1211222373907 -0.2698931462281 0 0 0 0                       
point2 458.97947835922 7.9190836606007 -0.3314333818158 0 0 0 0                       
point2 461.07916235924 8.78135305128 -0.40601923016299 0 0 0 0                       
point2 463.0786113739 9.5840920584244 -0.46972914547125 0 0 0 0                       
point2 465.07820153236 10.39790364186 -0.45090054504533 0 0 0 0                       
point2 467.77764248848 11.501261533321 -0.43372231493025 0 0 0 0                       
point2 469.77724742889 12.319875310233 -0.42518626222394 0 0 0 0                       
point2 471.87678551674 13.153033333583 -0.40558147257648 0 0 0 0                       
point2 473.87645244598 13.895731053714 -0.39523175379654 0 0 0 0                       
point2 475.97587943077 14.698640047659 -0.37959707018781 0 0 0 0                       
point2 477.97551250458 15.506274212292 -0.38022751306672 0 0 0 0                       
point2 480.07520437241 16.416943034715 -0.37536649725141 0 0 0 0                       
point2 482.07464933395 17.225382819191 -0.39595045995479 0 0 0 0                       
point2 484.174264431 18.098356453562 -0.4173953301109 0 0 0 0                       
point2 486.17389345169 18.882237386415 -0.43525491531425 0 0 0 0                       
point2 488.8732354641 19.948160837424 -0.46762394219083 0 0 0 0                       
point2 490.87285447121 20.701262002855 -0.45645646529308 0 0 0 0                       
point2 492.87251734734 21.482368879384 -0.50418675763628 0 0 0 0                       
point2 494.9719414711 22.358015373578 -0.52400146676772 0 0 0 0                       
point2 496.97160243988 23.134908162318 -0.56310283267247 0 0 0 0                       
point2 498.97114849091 23.912906936524 -0.59203431957075 0 0 0 0                       
point2 501.07069134712 24.694481637902 -0.6457012818946 0 0 0 0                       
point2 503.0702984333 25.478198509915 -0.68299520452126 0 0 0 0                       
point2 505.16994738579 26.312976059336 -0.72765365170492 0 0 0 0                       
point2 507.26938247681 27.092207809092 -0.78788442272993 0 0 0 0                       
point2 509.96887850761 28.141717385035 -0.84967010000141 0 0 0 0                       
point2 511.96850252151 28.922811210718 -0.82970418451951 0 0 0 0                       
point2 513.96796345711 29.761879282649 -0.82379107412357 0 0 0 0                       
point2 516.06769943237 30.622259287914 -0.82716728957145 0 0 0 0                       
point2 518.16703939438 31.505922776873 -0.83795473807744 0 0 0 0                       
point2 520.26664733887 32.351169808715 -0.84202505689191 0 0 0 0                       
point2 522.26631736755 33.138671876704 -0.84466416239546 0 0 0 0                       
point2 524.36576938629 34.028559523726 -0.85186853209508 0 0 0 0                       
point2 526.46535944939 34.847693201971 -0.87131064228571 0 0 0 0                       
point2 528.6650454998 35.731916129492 -0.88538354161771 0 0 0 0                       
point2 531.36436343193 36.823385257451 -0.88190714243267 0 0 0 0                       
point2 533.36392235756 37.642236178942 -0.81779356869655 0 0 0 0                       
point2 535.4636054039 38.521972928425 -0.75919683519351 0 0 0 0                       
point2 537.563154459 39.375926919878 -0.79822331136388 0 0 0 0                       
point2 539.56273531914 40.173249602782 -0.78980338188225 0 0 0 0                       
point2 541.66221642494 40.969533869081 -0.73410367995211 0 0 0 0                       
point2 543.76185631752 41.752354601642 -0.68135694547893 0 0 0 0                       
point2 545.86140441895 42.621720058313 -0.69013292290624 0 0 0 0                       
point2 547.96087837219 43.463316251986 -0.71467646878666 0 0 0 0                       
point2 550.16050052643 44.332857233457 -0.76196641289411 0 0 0 0                       
point2 553.15981054306 45.540042285325 -0.82181131392791 0 0 0 0                       
point2 555.05940937996 46.305971425944 -0.85354331206425 0 0 0 0                       
point2 557.15908432007 47.175552926104 -0.91096950913979 0 0 0 0                       
point2 559.3585255146 48.0689326022 -0.92545281286903 0 0 0 0                       
point2 561.45821642876 48.903579418312 -0.89038855032668 0 0 0 0                       
point2 563.55762147903 49.742428712786 -0.85655181078163 0 0 0 0                       
point2 565.65722751617 50.607585558944 -0.82339123101735 0 0 0 0                       
point2 567.7568924427 51.449076453235 -0.76873928699311 0 0 0 0                       
point2 569.85643053055 52.302216225625 -0.72533482209283 0 0 0 0                       
point2 571.95590233803 53.178376075785 -0.68023902058928 0 0 0 0                       
point2 574.85533547401 54.382658463834 -0.62894244525688 0 0 0 0                       
point2 576.85488033295 55.192197178584 -0.60602795169418 0 0 0 0                       
point2 578.85451340675 56.018220209422 -0.58203508170788 0 0 0 0                       
point2 580.95416736603 56.862745179533 -0.55909773637171 0 0 0 0                       
point2 583.05366539955 57.659468515601 -0.53887284473712 0 0 0 0                       
point2 585.15311551094 58.469769892874 -0.52135148838531 0 0 0 0                       
point2 587.25279045105 59.276309464712 -0.49649412931013 0 0 0 0                       
point2 589.35226845741 60.101429800072 -0.48030056031377 0 0 0 0                       
point2 591.45192551613 60.965448133307 -0.47869758655018 0 0 0 0                       
point2 593.5515794754 61.820907834586 -0.47703620929981 0 0 0 0                       
point2 596.45081543922 63.039884952003 -0.47843934140127 0 0 0 0                       
point2 598.45035243034 63.836119348812 -0.43682499445746 0 0 0 0                       
point2 600.54992747307 64.645010568924 -0.3441195113765 0 0 0 0                       
point2 602.6496284008 65.428011960538 -0.33727515074214 0 0 0 0                       
point2 604.74919843674 66.267297881799 -0.31708546022785 0 0 0 0                       
point2 606.84863853455 67.127669118907 -0.30812791864087 0 0 0 0                       
point2 608.94830846786 67.985219649565 -0.29711607842954 0 0 0 0                       
point2 611.04784035683 68.876596042445 -0.30238329929698 0 0 0 0                       
point2 613.14736747742 69.818796837421 -0.29217143754903 0 0 0 0                       
point2 615.24690651894 70.725824433099 -0.2922956467622 0 0 0 0                       
point2 618.24634242058 71.90230437619 -0.31341886285248 0 0 0 0                       
point2 620.24582338333 72.608464659362 -0.32392269783153 0 0 0 0                       
point2 622.34554338455 73.374898562431 -0.32953891737496 0 0 0 0                       
point2 624.44503545761 74.132046912422 -0.29051165049863 0 0 0 0                       
point2 626.64455842972 74.935451841385 -0.22546982569963 0 0 0 0                       
point2 628.74412536621 75.790394716476 -0.16695223356034 0 0 0 0                       
point2 630.84376645088 76.606309982292 -0.11759442643352 0 0 0 0                       
point2 632.94327354431 77.474982712128 -0.07155257589487 0 0 0 0                       
point2 635.14273047447 78.345579555555 -0.041389371956729 0 0 0 0                       
point2 637.24232339859 79.225959081975 0.0047588504649738 0 0 0 0                       
point2 640.24175453186 80.447862781817 0.069348807974688 0 0 0 0                       
point2 642.24127244949 81.251621420084 0.10051034237731 0 0 0 0                       
point2 644.34094452858 82.103415151265 0.13363269783029 0 0 0 0                       
point2 646.440564394 82.925735557607 0.15354347016553 0 0 0 0                       
point2 648.54001140594 83.756685141286 0.18493726147202 0 0 0 0                       
point2 650.63967442513 84.603632617383 0.26379003456616 0 0 0 0                       
point2 652.73917031288 85.436753064289 0.38651459878173 0 0 0 0                       
point2 654.83867549896 86.235269799692 0.44067699003846 0 0 0 0                       
point2 656.9383225441 86.854500721825 0.47117852654104 0 0 0 0                       
point2 659.1378493309 86.849138259941 0.47389417205411 0 0 0 0                       
point2 662.13723945618 86.860170794679 0.4655913021187 0 0 0 0                       
point2 664.13679242134 86.859939225105 0.4656441387792 0 0 0 0                       
point2 666.23632836342 86.491097612363 0.48085372382592 0 0 0 0                       
point2 668.33588337898 85.648195427846 0.54859666120171 0 0 0 0                       
point2 670.43546247482 84.802744074417 0.62393827279539 0 0 0 0                       
point2 672.53505945206 83.988245285382 0.62502141623273 0 0 0 0                       
point2 674.63465046883 83.156579730576 0.58586985935672 0 0 0 0                       
point2 676.73419332504 82.279345966421 0.54178963461279 0 0 0 0                       
point2 678.83367943764 81.370571437167 0.49362348258063 0 0 0 0                       
point2 680.93336844444 80.453493566509 0.44720624394564 0 0 0 0                       
point2 684.03267836571 79.178533692928 0.4042896539258 0 0 0 0                       
point2 686.03224253654 78.376437072088 0.37917778327486 0 0 0 0                       
point2 688.13174343109 77.581780581793 0.3653731574885 0 0 0 0                       
point2 690.23133134842 76.743824893216 0.35054010034606 0 0 0 0                       
point2 692.33096647263 75.882608773666 0.22007132221286 0 0 0 0                       
point2 694.4305574894 75.047120650414 0.064522302430852 0 0 0 0                       
point2 696.63003635406 74.177752032271 -0.08366927859964 0 0 0 0                       
point2 698.72967648506 73.36115743893 -0.20240275246612 0 0 0 0                       
point2 700.82914853096 72.551357304467 -0.32259902196837 0 0 0 0                       
point2 702.92872238159 71.720569933656 -0.36524134873768 0 0 0 0                       
point2 705.9280564785 70.4920781381 -0.41471358471278 0 0 0 0                       
point2 708.12765145302 69.602172765009 -0.46133870508703 0 0 0 0                       
point2 710.3271613121 68.729193087058 -0.49595618019391 0 0 0 0                       
point2 712.52679133415 67.860080323615 -0.51037030506063 0 0 0 0                       
point2 714.72630143166 67.033740519902 -0.53230199438251 0 0 0 0                       
point2 716.82587647438 66.172560005456 -0.54044774736675 0 0 0 0                       
point2 718.92557740211 65.343081654352 -0.54077592333082 0 0 0 0                       
point2 721.02495551109 64.470885854647 -0.55029291026426 0 0 0 0                       
point2 723.22460842133 63.578332532969 -0.57111530704324 0 0 0 0                       
point2 725.32412147522 62.720692681673 -0.67964721806245 0 0 0 0                       
point2 728.32351231575 61.491997782796 -0.81887479553677 0 0 0 0                       
point2 730.5231025219 60.594100169249 -0.82439575276715 0 0 0 0                       
point2 732.52259349823 59.849355384949 -0.80448246184624 0 0 0 0                       
point2 734.72224736214 59.01633760679 -0.77729436849631 0 0 0 0                       
point2 736.82182335854 58.223863451179 -0.74072460814402 0 0 0 0                       
point2 738.92133831978 57.404312961529 -0.82851995205624 0 0 0 0                       
point2 741.120865345 56.506341334312 -0.86915506137956 0 0 0 0                       
point2 743.22042536736 55.631378953206 -0.86733907658449 0 0 0 0                       
point2 745.32008051872 54.803176077498 -0.85957224007978 0 0 0 0                       
point2 747.4196434021 53.952330704967 -0.85060466853239 0 0 0 0                       
point2 750.51884436607 52.755993731947 -0.82529687365958 0 0 0 0                       
point2 752.51847553253 51.980124111265 -0.7974041624219 0 0 0 0                       
point2 754.61798453331 51.172450945249 -0.76116038205552 0 0 0 0                       
point2 756.81759953499 50.296198750969 -0.72805429265676 0 0 0 0                       
point2 758.91707539558 49.458962561885 -0.78337357200521 0 0 0 0                       
point2 761.11660933495 48.564652819257 -0.79768272531366 0 0 0 0                       
point2 763.21617245674 47.705761837541 -0.79100774497093 0 0 0 0                       
point2 765.41570353508 46.826232012769 -0.77744676336168 0 0 0 0                       
point2 767.61511540413 45.932433398968 -0.7629785076309 0 0 0 0                       
point2 769.81470346451 45.061356283744 -0.7320806071664 0 0 0 0                       
point2 773.01400446892 43.776688088545 -0.68854102849849 0 0 0 0                       
point2 775.11360049248 42.912091644564 -0.7208969292703 0 0 0 0                       
point2 777.21316838264 42.060398066566 -0.74058868452783 0 0 0 0                       
point2 779.31256151199 41.21096720333 -0.71298519014844 0 0 0 0                       
point2 781.51213431358 40.317550254601 -0.75479709812984 0 0 0 0                       
point2 783.711612463 39.413796833218 -0.68937231427493 0 0 0 0                       
point2 785.91112947464 38.5105743172 -0.64094745305405 0 0 0 0                       
point2 788.01078438759 37.640860307004 -0.66405774529088 0 0 0 0                       
point2 790.21023654938 36.752916883628 -0.68721735844462 0 0 0 0                       
point2 792.30976843834 35.931794229005 -0.70117211663141 0 0 0 0                       
point2 795.60903835297 34.625985273213 -0.71555526075804 0 0 0 0                       
point2 797.70851635933 33.81398812093 -0.72298645918591 0 0 0 0                       
point2 799.80807352066 32.998591849435 -0.7101159876839 0 0 0 0                       
point2 801.90771341324 32.149020657875 -0.70278498215801 0 0 0 0                       
point2 804.10718750954 31.286729398561 -0.69212161490179 0 0 0 0                       
point2 806.20663952827 30.477360690683 -0.67948219556571 0 0 0 0                       
point2 808.4061524868 29.554974991093 -0.66738853585713 0 0 0 0                       
point2 810.50583648682 28.700130889473 -0.68606641622955 0 0 0 0                       
point2 812.70526432991 27.816555513683 -0.66071026402233 0 0 0 0                       
point2 814.80479454994 26.916439063509 -0.69311507746488 0 0 0 0                       
point2 818.10411047935 25.559333929218 -0.74957163379302 0 0 0 0                       
point2 820.20366954803 24.686830860364 -0.76166252476085 0 0 0 0                       
point2 822.30332636833 23.830674489915 -0.73362958572621 0 0 0 0                       
point2 824.40281152725 23.010164496647 -0.73802907504211 0 0 0 0                       
point2 826.60222148895 22.158089891417 -0.65130248414371 0 0 0 0                       
point2 828.70185542107 21.363986522764 -0.63562464288825 0 0 0 0                       
point2 830.90135741234 20.510958387407 -0.72020258320678 0 0 0 0                       
point2 833.1008515358 19.623884203643 -0.69148978193102 0 0 0 0                       
point2 835.30035352707 18.757006773672 -0.65088445193702 0 0 0 0                       
point2 837.49994850159 17.851285589769 -0.60930136263469 0 0 0 0                       
point2 840.69925451279 16.517928793748 -0.5290149229501 0 0 0 0                       
point2 842.79877448082 15.653583172163 -0.46986672898326 0 0 0 0                       
point2 844.8982565403 14.841008233356 -0.4058775742141 0 0 0 0                       
point2 847.09783554077 14.021264704869 -0.33603285738546 0 0 0 0                       
point2 849.29745149612 13.17348158128 -0.26791513060159 0 0 0 0                       
point2 851.4968624115 12.367573278146 -0.29555135726767 0 0 0 0                       
point2 853.5964243412 11.544478284451 -0.31053073414512 0 0 0 0                       
point2 855.79602146149 10.650450458862 -0.31916117515635 0 0 0 0                       
point2 857.99544143677 9.7673844915704 -0.33113708341298 0 0 0 0                       
point2 860.1950135231 8.8882237614557 -0.33237048525775 0 0 0 0                       
point2 863.39427638054 7.5993564671677 -0.31354726366666 0 0 0 0                       
point2 865.49394440651 6.775939992903 -0.30047669441629 0 0 0 0                       
point2 867.5933945179 5.9552060383104 -0.27781050856606 0 0 0 0                       
point2 869.79299235344 5.1249741009728 -0.2372666922201 0 0 0 0                       
point2 872.09240436554 4.218586249708 -0.20416922285811 0 0 0 0                       
point2 874.19191646576 3.3615360958987 -0.16867438660063 0 0 0 0                       
point2 876.39154338837 2.4791342194341 -0.11668791583659 0 0 0 0                       
point2 878.5909974575 1.5820495617981 -0.058200736675772 0 0 0 0                       
point2 880.79049348831 0.6871242246615 -0.0043181867320214 0 0 0 0                       
point2 882.99007344246 -0.20410511091997 0.054892094503955 0 0 0 0                       
point2 886.28931736946 -1.5883775035684 0.05299550318211 0 0 0 0                       
point2 888.48891854286 -2.4814640793834 0.12724306540785 0 0 0 0                       
point2 890.68845748901 -3.3629224921255 0.094794091409049 0 0 0 0                       
point2 892.88788437843 -4.2031906451387 0.053242406713764 0 0 0 0                       
point2 895.08745336533 -5.0555434159985 0.029962109385444 0 0 0 0                       
point2 897.28692650795 -5.8929738929904 0.10033962970468 0 0 0 0                       
point2 899.38648247719 -6.7296557570773 0.16365684059849 0 0 0 0                       
point2 901.68604254723 -7.6606895000151 0.24108051744955 0 0 0 0                       
point2 903.98546552658 -8.574424735461 0.32289120522323 0 0 0 0                       
point2 907.48475050926 -9.9828014075702 0.47166887017434 0 0 0 0                       
point2 909.68428754807 -10.868069984758 0.51468857359743 0 0 0 0                       
point2 911.78386545181 -11.70373652557 0.47156655092162 0 0 0 0                       
point2 913.9834895134 -12.559239229779 0.42560690440452 0 0 0 0                       
point2 916.18288946152 -13.419132584142 0.37884125028405 0 0 0 0                       
point2 918.48246645927 -14.364000529825 0.39145973285424 0 0 0 0                       
point2 920.68187236786 -15.256542946652 0.41800696777128 0 0 0 0                       
point2 923.08146953583 -16.239126821197 0.45752899740807 0 0 0 0                       
point2 925.48094534874 -17.19341663703 0.50237944630575 0 0 0 0                       
point2 928.88020133972 -18.535797702645 0.57265305657358 0 0 0 0                       
point2 931.07970738411 -19.419680694518 0.62982181843 0 0 0 0                       
point2 933.17921233177 -20.233383304263 0.58838795974646 0 0 0 0                       
point2 935.4787633419 -21.171213762243 0.57900710708093 0 0 0 0                       
point2 937.67833447456 -22.06913998668 0.59161272525701 0 0 0 0                       
point2 939.87781453133 -22.947055859697 0.61194259706352 0 0 0 0                       
point2 942.07738733292 -23.856726811331 0.63937077555525 0 0 0 0                       
point2 944.37684845924 -24.785818633533 0.67386347902919 0 0 0 0                       
point2 946.57638645172 -25.65864856777 0.71267025272836 0 0 0 0                       
point2 948.87591838837 -26.549865195119 0.75981609116458 0 0 0 0                       
point2 952.37512540817 -27.965555894543 0.82599306093658 0 0 0 0                       
point2 954.57470035553 -28.87269401191 0.7759656878381 0 0 0 0                       
point2 956.77421832085 -29.77358415887 0.74666093334039 0 0 0 0                       
point2 959.07382941246 -30.72071586454 0.73651855514307 0 0 0 0                       
point2 961.3732984066 -31.663298634044 0.73412929950217 0 0 0 0                       
point2 963.57275438309 -32.552910900412 0.7418320522026 0 0 0 0                       
point2 965.87231945992 -33.475980213454 0.74563624075993 0 0 0 0                       
point2 968.07183647156 -34.293983948473 0.75466874923094 0 0 0 0                       
point2 970.37127733231 -35.181758788948 0.77938753196609 0 0 0 0                       
point2 973.97053647041 -36.626953749144 0.81421067412296 0 0 0 0                       
point2 976.2701485157 -37.544212553317 0.84179821655312 0 0 0 0                       
point2 978.56968331337 -38.4889333424 0.869720922912 0 0 0 0                       
point2 980.96905350685 -39.460653667411 0.90334297181683 0 0 0 0                       
point2 983.36854553223 -40.416265251972 0.9487825932438 0 0 0 0                       
point2 985.76815247536 -41.378056256278 0.92958112679503 0 0 0 0                       
point2 988.06753540039 -42.297103435597 0.89046507558297 0 0 0 0                       
point2 990.36718654633 -43.20978303108 0.86745976346943 0 0 0 0                       
point2 992.76649737358 -44.203197618908 0.8462027916561 0 0 0 0                       
point2 996.3657374382 -45.652378080945 0.82357649582629 0 0 0 0                       
point2 998.56530046463 -46.545765291965 0.81872681255596 0 0 0 0                       
point2 1000.7649383545 -47.429776430907 0.81923383099264 0 0 0 0                       
point2 1003.0645384789 -48.362789566772 0.82490883530532 0 0 0 0                       
point2 1005.2638804913 -49.236921999946 0.82698940610872 0 0 0 0                       
point2 1007.6633894444 -50.209966526962 0.83979855133946 0 0 0 0                       
point2 1009.9629173279 -51.114597531726 0.85723479930137 0 0 0 0                       
point2 1012.3623733521 -52.081955182905 0.8761035904815 0 0 0 0                       
point2 1014.6619403362 -53.043961886817 0.84861081327098 0 0 0 0                       
point2 1018.2611775398 -54.566785570093 0.75772584508893 0 0 0 0                       
point2 1020.5606753826 -55.491176792868 0.70241582753372 0 0 0 0                       
point2 1022.9600903988 -56.424326104685 0.64209116793263 0 0 0 0                       
point2 1025.2596883774 -57.316608003458 0.62139962115302 0 0 0 0                       
point2 1027.5591564178 -58.210928236031 0.58780195694482 0 0 0 0                       
point2 1029.9586904049 -59.203939538959 0.56121261907975 0 0 0 0                       
point2 1032.2581255436 -60.133142017985 0.54103053414009 0 0 0 0                       
point2 1034.4576494694 -61.017857959435 0.53437476283085 0 0 0 0                       
point2 1036.857234478 -62.015062071417 0.52246875786511 0 0 0 0                       
point2 1040.6563744545 -63.552942446523 0.42504435803865 0 0 0 0                       
point2 1042.8559744358 -64.425940915318 0.37459659601621 0 0 0 0                       
point2 1045.2555325031 -65.340676057909 0.33686548318504 0 0 0 0                       
point2 1047.4549434185 -66.188382504433 0.33857829577564 0 0 0 0                       
point2 1049.7545604706 -67.081795762824 0.34730684817077 0 0 0 0                       
point2 1052.0539474487 -68.019025133615 0.36509066105953 0 0 0 0                       
point2 1054.3535664082 -68.964911575565 0.34224277945247 0 0 0 0                       
point2 1056.6530864239 -69.869055679351 0.26407409533828 0 0 0 0                       
point2 1058.9525544643 -70.80080290355 0.18227555821885 0 0 0 0                       
point2 1062.6517424583 -72.285050155065 0.11211711512533 0 0 0 0                       
point2 1064.9513044357 -73.172144218412 0.12698834782509 0 0 0 0                       
point2 1067.2508795261 -74.073805165896 0.054932149085563 0 0 0 0                       
point2 1069.5502724648 -74.969894670539 0.085431249264406 0 0 0 0                       
point2 1071.8498375416 -75.854944580487 0.13118101370632 0 0 0 0                       
point2 1074.149320364 -76.774099473402 0.17291515974404 0 0 0 0                       
point2 1076.4488444328 -77.71912017604 0.19411729784741 0 0 0 0                       
point2 1078.7484083176 -78.644368538242 0.11373192051391 0 0 0 0                       
point2 1081.0478065014 -79.140056676611 0.076268624037713 0 0 0 0                       
point2 1084.7470624447 -79.135950785516 0.071318701255578 0 0 0 0                       
point2 1087.0466043949 -79.136362009716 0.069076893219535 0 0 0 0                       
point2 1089.3461344242 -79.128853279365 0.063413288548588 0 0 0 0                       
point2 1091.7456274033 -79.119973709551 0.066675649524786 0 0 0 0                       
point2 1094.0450963974 -79.1190696226 0.066690578801254 0 0 0 0                       
point2 1096.344669342 -79.017314168769 0.066305017803838 0 0 0 0                       
point2 1098.8441073895 -78.236532566668 0.086727179927664 0 0 0 0                       
point2 1101.2436094284 -77.244433895781 0.12383707926267 0 0 0 0                       
point2 1103.7431235313 -76.205544210954 0.12418912571171 0 0 0 0                       
point2 1107.64229846 -74.620189051103 0.28474376315224 0 0 0 0                       
point2 1109.8418323994 -73.71294441613 0.39419386125525 0 0 0 0                       
point2 1112.1413035393 -72.752636244177 0.39812995583045 0 0 0 0                       
point2 1114.3408184052 -71.862137241257 0.36295322981814 0 0 0 0                       
point2 1116.7403383255 -70.872081722046 0.32491026834492 0 0 0 0                       
point2 1119.1398794651 -69.90991607605 0.33725496881239 0 0 0 0                       
point2 1121.539393425 -68.98005897507 0.43707624413143 0 0 0 0                       
point2 1123.8388063908 -68.057904943928 0.52186803831945 0 0 0 0                       
point2 1126.2384195328 -67.112850818668 0.51853331964497 0 0 0 0                       
point2 1129.9375355244 -66.579072115999 0.50573521574589 0 0 0 0                       
point2 1132.2370145321 -66.579072115999 0.50573521574588 0 0 0 0                       
point2 1134.5365743637 -65.804515130611 0.48637754118639 0 0 0 0                       
point2 1136.8361124992 -64.900681500189 0.45992564089947 0 0 0 0                       
point2 1139.1356453896 -63.983144312356 0.43927609432647 0 0 0 0                       
point2 1141.4351274967 -63.04799173865 0.42526836758532 0 0 0 0                       
point2 1143.8346395493 -62.098280200104 0.48989018931918 0 0 0 0                       
point2 1146.1340913773 -61.145865110704 0.51965845409805 0 0 0 0                       
point2 1148.5336933136 -60.183973928689 0.59639406713767 0 0 0 0                       
point2 1152.4327905178 -58.657316113809 0.69558405112558 0 0 0 0                       
point2 1154.7323424816 -57.78260112773 0.75412230456417 0 0 0 0                       
point2 1157.0318694115 -56.83573291122 0.80753994006502 0 0 0 0                       
point2 1159.3313503265 -55.878025500203 0.86210461379358 0 0 0 0                       
point2 1161.9307854176 -54.858898467293 0.9064686919091 0 0 0 0                       
point2 1164.3302433491 -53.892805246461 0.93771218784347 0 0 0 0                       
point2 1166.7298324108 -52.94121663479 0.95856613517181 0 0 0 0                       
point2 1169.1292765141 -52.002607170523 0.96885023597027 0 0 0 0                       
point2 1171.5287673473 -51.052317565195 0.9788681386035 0 0 0 0                       
point2 1175.3280484676 -49.545172296227 0.98105053398829 0 0 0 0                       
point2 1177.7275514603 -48.598944988838 0.95892886480184 0 0 0 0                       
point2 1180.0269725323 -47.680954429515 0.93697554219765 0 0 0 0                       
point2 1182.3264725208 -46.753396239743 0.91069919472025 0 0 0 0                       
point2 1184.6260354519 -45.814569540163 0.89220493756854 0 0 0 0                       
point2 1187.0254604816 -44.873105229388 0.85834712253817 0 0 0 0                       
point2 1189.3250234127 -43.950044448678 0.83882392115672 0 0 0 0                       
point2 1191.7245924473 -43.004396346395 0.94482811223687 0 0 0 0                       
point2 1194.1239914894 -42.031066899438 1.0516035608255 0 0 0 0                       
point2 1198.1231544018 -40.401691637908 1.0770227742402 0 0 0 0                       
point2 1200.5226504803 -39.433750781069 1.0795666830945 0 0 0 0                       
point2 1202.9221265316 -38.467774696198 1.0733260789528 0 0 0 0                       
point2 1205.5216264725 -37.401633788663 1.0469600613578 0 0 0 0                       
point2 1208.1211855412 -36.349657199217 1.0019096558966 0 0 0 0                       
point2 1210.5205574036 -35.392935855911 0.95635888146653 0 0 0 0                       
point2 1212.9200594425 -34.430851662731 0.9246747897979 0 0 0 0                       
point2 1215.4196155071 -33.411236919635 0.86941722023613 0 0 0 0                       
point2 1217.8190875053 -32.437830865868 0.80880882214953 0 0 0 0                       
point2 1221.8182704449 -30.815576591265 0.82941110066836 0 0 0 0                       
point2 1224.2177314758 -29.84015281673 0.80103104479525 0 0 0 0                       
point2 1226.917242527 -28.753584886125 0.76114305277049 0 0 0 0                       
point2 1229.5165803432 -27.75506525153 0.70647951660078 0 0 0 0                       
point2 1232.1160244942 -26.732527676436 0.6758276604764 0 0 0 0                       
point2 1234.5156493187 -25.765620929856 0.82704144111127 0 0 0 0                       
point2 1237.0149974823 -24.727510655573 0.84637378182206 0 0 0 0                       
point2 1239.4145493507 -23.757651375608 0.81767318175359 0 0 0 0                       
point2 1243.5136945248 -22.088897661874 0.77603453788506 0 0 0 0                       
point2 1246.0132215023 -21.108648275414 0.74556471897794 0 0 0 0                       
point2 1248.4125733376 -20.182891432132 0.72813785756454 0 0 0 0                       
point2 1250.9120614529 -19.23465363106 0.68282457596098 0 0 0 0                       
point2 1253.4115095139 -18.197938946999 0.62513863182458 0 0 0 0                       
point2 1255.8110704422 -17.19323217484 0.65982483667521 0 0 0 0                       
point2 1258.3106884956 -16.160459190348 0.72365569124441 0 0 0 0                       
point2 1260.9099874496 -15.117834511705 0.6697155229693 0 0 0 0                       
point2 1265.1090874672 -13.523613104222 0.49588475548606 0 0 0 0                       
point2 1267.7084963322 -12.447039927537 0.5075666628554 0 0 0 0                       
point2 1270.2081403732 -11.434914971856 0.47283252595068 0 0 0 0                       
point2 1272.607562542 -10.440188434807 0.38236726856264 0 0 0 0                       
point2 1275.1070554256 -9.4248703439043 0.31127069536215 0 0 0 0                       
point2 1277.5064873695 -8.46084335253 0.34491464581035 0 0 0 0                       
point2 1280.0060055256 -7.5160373396375 0.39055032689284 0 0 0 0                       
point2 1282.9053113461 -6.3565005093886 0.41478594343928 0 0 0 0                       
point2 1287.1045854092 -4.6896224278748 0.26038988970986 0 0 0 0                       
point2 1289.6039454937 -3.6717321211796 0.17973078750042 0 0 0 0                       
point2 1292.0034153461 -2.7079577880058 0.10984967481644 0 0 0 0                       
point2 1294.5029225349 -1.670447885598 0.025813512067091 0 0 0 0                       
point2 1296.9025013447 -0.71104578427286 -0.0628401570182 0 0 0 0                       
point2 1299.4018673897 0.26581434346103 -0.17022723432553 0 0 0 0                       
point2 1301.8013374805 1.2070812839592 -0.25064743920708 0 0 0 0                       
point2 1304.2009243965 2.0806639073329 -0.21431448246191 0 0 0 0                       
point2 1306.7003743649 3.0911161874513 -0.19950570889869 0 0 0 0                       
point2 1310.6995534897 4.6687771088793 -0.22108246889888 0 0 0 0                       
point2 1313.0989835262 5.5905650437133 -0.31109769240281 0 0 0 0                       
point2 1315.5986614227 6.6012028084357 -0.41534833880248 0 0 0 0                       
point2 1317.9980814457 7.543673405483 -0.51905950761211 0 0 0 0                       
point2 1320.4975323677 8.5701741729677 -0.53882751985889 0 0 0 0                       
point2 1322.8970215321 9.5623979419045 -0.46292991828713 0 0 0 0                       
point2 1325.3964173794 10.536513122903 -0.42214376484871 0 0 0 0                       
point2 1327.7959003448 11.474911012612 -0.43809156725945 0 0 0 0                       
point2 1330.2953515053 12.455226401699 -0.4587045362112 0 0 0 0                       
point2 1334.4945223331 14.135110029552 -0.50175051028653 0 0 0 0                       
point2 1336.9939494133 15.135860330514 -0.52749970863954 0 0 0 0                       
point2 1339.5934624672 16.182784715031 -0.56975623650231 0 0 0 0                       
point2 1342.1928853989 17.257457270126 -0.62814141806078 0 0 0 0                       
point2 1344.6924233437 18.275044320104 -0.67969253660049 0 0 0 0                       
point2 1347.1918945312 19.27685868732 -0.62830042424464 0 0 0 0                       
point2 1349.5913524628 20.210477559798 -0.5332722337565 0 0 0 0                       
point2 1352.0908043385 21.16174093637 -0.49984340710808 0 0 0 0                       
point2 1356.2899374962 22.821307208007 -0.57533470475623 0 0 0 0                       
point2 1358.7894685268 23.84814355183 -0.49863353371936 0 0 0 0                       
point2 1361.3887553215 24.882915467533 -0.50221820956884 0 0 0 0                       
point2 1364.0882713795 25.998165034061 -0.53124956713531 0 0 0 0                       
point2 1366.5877444744 26.970755010098 -0.55319520856132 0 0 0 0                       
point2 1369.1872084141 27.995249211538 -0.57602456469057 0 0 0 0                       
point2 1371.6867043972 29.040582732707 -0.61576915615736 0 0 0 0                       
point2 1374.1861884594 30.016028827804 -0.66417880964012 0 0 0 0                       
point2 1378.3853633404 31.742095700766 -0.72870100820455 0 0 0 0                       
point2 1380.8847424984 32.735445801648 -0.6659967132236 0 0 0 0                       
point2 1383.2842233181 33.644533544817 -0.71346482374732 0 0 0 0                       
point2 1385.7837793827 34.641477298998 -0.7780131753986 0 0 0 0                       
point2 1388.2831673622 35.646609441904 -0.83086398742888 0 0 0 0                       
point2 1390.7826733589 36.63538045685 -0.78821736701183 0 0 0 0                       
point2 1393.1821694374 37.626448545311 -0.75447869432314 0 0 0 0                       
point2 1395.7815954685 38.665047680114 -0.72515005127025 0 0 0 0                       
point2 1398.2811024189 39.625385739634 -0.7069644367409 0 0 0 0                       
point2 1402.5802135468 41.312275421464 -0.68879456055535 0 0 0 0                       
point2 1405.0796864033 42.301870490038 -0.68864661043439 0 0 0 0                       
point2 1407.6790964603 43.349919856253 -0.69609544822222 0 0 0 0                       
point2 1410.2786374092 44.397165230682 -0.71247860469221 0 0 0 0                       
point2 1412.8780543804 45.452763053702 -0.73358368216832 0 0 0 0                       
point2 1415.4774663448 46.526474079825 -0.7574000815206 0 0 0 0                       
point2 1418.0770955086 47.580851186211 -0.80986296196442 0 0 0 0                       
point2 1420.6763484478 48.606065985049 -0.84749961840387 0 0 0 0                       
point2 1425.0753965378 50.381316893756 -0.92478376968221 0 0 0 0                       
point2 1427.6749165058 51.451427928582 -0.87669400302395 0 0 0 0                       
point2 1430.3743774891 52.498017127106 -0.83628347895162 0 0 0 0                       
point2 1432.9738633633 53.54058158203 -0.80940617470397 0 0 0 0                       
point2 1435.4733355045 54.540600556937 -0.7893659216999 0 0 0 0                       
point2 1437.9727063179 55.541042403477 -0.76834057816878 0 0 0 0                       
point2 1440.5722005367 56.584916542797 -0.74330313377869 0 0 0 0                       
point2 1443.1716313362 57.62819264182 -0.72869142240503 0 0 0 0                       
point2 1447.5707373619 59.368552974123 -0.71894138654792 0 0 0 0                       
point2 1450.0702044964 60.383346930991 -0.72482428274166 0 0 0 0                       
point2 1452.5697793961 61.394775818285 -0.66564109572663 0 0 0 0                       
point2 1455.1691234112 62.46710914619 -0.57778120234913 0 0 0 0                       
point2 1457.768579483 63.575976803458 -0.53301470937089 0 0 0 0                       
point2 1460.2680704594 64.530966698097 -0.51059906579577 0 0 0 0                       
point2 1462.8675923347 65.523079029525 -0.48599860393961 0 0 0 0                       
point2 1465.4670114517 66.53854075508 -0.45752521832861 0 0 0 0                       
point2 1469.8661084175 68.276398690325 -0.42084375602689 0 0 0 0                       
point2 1472.5654473305 69.357709982376 -0.41260941269187 0 0 0 0                       
point2 1475.1649143696 70.382012770115 -0.41815030064566 0 0 0 0                       
point2 1477.8644003868 71.467678744621 -0.42314106753111 0 0 0 0                       
point2 1480.4638044834 72.478607108919 -0.4004810089643 0 0 0 0                       
point2 1483.063223362 73.51990907306 -0.2921088504313 0 0 0 0                       
point2 1485.6627495289 74.587345132722 -0.18561760244913 0 0 0 0                       
point2 1488.2622454166 75.641839316311 -0.15327247451664 0 0 0 0                       
point2 1492.7612724304 77.393718721 -0.023647113361566 0 0 0 0                       
point2 1495.3606703281 78.433034781834 0.05022820784356 0 0 0 0                       
point2 1497.9601123333 79.495900266856 0.12755442893296 0 0 0 0                       
point2 1500.5597164631 80.525290209179 0.12013176464425 0 0 0 0                       
point2 1503.1590545177 81.557302383149 0.10525506976537 0 0 0 0                       
point2 1505.7585635185 82.597586698459 0.21958528912728 0 0 0 0                       
point2 1508.3579323292 83.68748715721 0.22841522617138 0 0 0 0                       
point2 1511.1574513912 84.803274603586 0.34102740327261 0 0 0 0                       
point2 1515.8564574718 86.63308003392 0.49222833208271 0 0 0 0                       
point2 1518.455965519 87.348260403074 0.54432026830386 0 0 0 0                       
point2 1520.9553284645 87.348385857385 0.54471109884382 0 0 0 0                       
point2 1523.554854393 87.349673234824 0.54213278789828 0 0 0 0                       
point2 1526.1541905403 87.350826147053 0.54660579140223 0 0 0 0                       
point2 1528.7538003922 87.349525570291 0.54683796865106 0 0 0 0                       
point2 1531.2531864643 87.065608901078 0.53559100133359 0 0 0 0                       
point2 1533.8526844978 86.000392853268 0.50888715370465 0 0 0 0                       
point2 1538.3516814709 84.15772723836 0.46698628459268 0 0 0 0                       
point2 1541.0511825085 83.048731806403 0.44189958943132 0 0 0 0                       
point2 1543.7505633831 81.934533416345 0.34120453259444 0 0 0 0                       
point2 1546.4500293732 80.855594355039 0.22544314654154 0 0 0 0                       
point2 1549.0495305061 79.801624302259 0.17549054327118 0 0 0 0                       
point2 1551.649074316 78.776831774949 0.14384120469473 0 0 0 0                       
point2 1554.2484953403 77.753411519981 0.11407476725405 0 0 0 0                       
point2 1556.8479883671 76.726356282873 0.1024543193197 0 0 0 0                       
point2 1561.3468844891 74.915476796919 0.10057560814523 0 0 0 0                       
point2 1563.8463454247 73.924575443236 0.11495299451031 0 0 0 0                       
point2 1566.5458593369 72.85641196394 0.049851831041117 0 0 0 0                       
point2 1569.1452383995 71.837182024626 -0.087945810800448 0 0 0 0                       
point2 1571.7447993755 70.774661132547 -0.20598221852074 0 0 0 0                       
point2 1574.3441565037 69.70732672496 -0.3226872506199 0 0 0 0                       
point2 1576.9436843395 68.660202966311 -0.38436843235393 0 0 0 0                       
point2 1579.5430915356 67.653707147775 -0.35585023978295 0 0 0 0                       
point2 1584.0421164036 65.85143208781 -0.3003391243221 0 0 0 0                       
point2 1586.6416394711 64.804859710888 -0.42033068933103 0 0 0 0                       
point2 1589.2410783768 63.748889015188 -0.53744148194688 0 0 0 0                       
point2 1591.840467453 62.686282870799 -0.64540500218495 0 0 0 0                       
point2 1594.4400603771 61.658587278701 -0.72676613716898 0 0 0 0                       
point2 1597.0394203663 60.630835427658 -0.8076913443657 0 0 0 0                       
point2 1599.6388914585 59.637697641325 -0.88796946121768 0 0 0 0                       
point2 1602.2383635044 58.632850092816 -0.89253966336819 0 0 0 0                       
point2 1606.7374315262 56.822862173011 -0.90408546414071 0 0 0 0                       
point2 1609.3368413448 55.768375260097 -0.96651077670103 0 0 0 0                       
point2 1612.0363724232 54.649112998694 -1.0294557206409 0 0 0 0                       
point2 1614.7357003689 53.607164210877 -1.0674749253473 0 0 0 0                       
point2 1617.5351655483 52.525990034114 -1.0118748834719 0 0 0 0                       
point2 1620.1346805096 51.523421357674 -0.91488655506039 0 0 0 0                       
point2 1622.8340573311 50.460063029947 -0.81310595810626 0 0 0 0                       
point2 1625.5334265232 49.386890457354 -0.77603448605552 0 0 0 0                       
point2 1630.4324314594 47.437690590977 -0.8539294024996 0 0 0 0                       
point2 1633.3318634033 46.271994368521 -0.88222149335107 0 0 0 0                       
point2 1636.1313173771 45.150461578009 -0.89838264595439 0 0 0 0                       
point2 1638.8306875229 44.059289648522 -0.91118333727704 0 0 0 0                       
point2 1641.6300845146 42.936409860136 -0.91083456226072 0 0 0 0                       
point2 1644.4294974804 41.803446694214 -0.89737781946531 0 0 0 0                       
point2 1647.1289763451 40.699802323344 -0.87946469834312 0 0 0 0                       
point2 1649.8283803463 39.604075087702 -0.85232969276316 0 0 0 0                       
point2 1654.4274513721 37.755801210254 -0.77281696455844 0 0 0 0                       
point2 1657.1268434525 36.679096556073 -0.71730291321879 0 0 0 0                       
point2 1659.8262753487 35.591440598171 -0.65313635248805 0 0 0 0                       
point2 1662.6256835461 34.484937755811 -0.71177696784222 0 0 0 0                       
point2 1665.3252253532 33.380200249389 -0.69282725268696 0 0 0 0                       
point2 1668.0245645046 32.300433146769 -0.72473844219705 0 0 0 0                       
point2 1670.7241363525 31.220008100403 -0.77512097456534 0 0 0 0                       
point2 1673.4234833717 30.15214571223 -0.80936587930938 0 0 0 0                       
point2 1678.1224524975 28.262257094112 -0.83989555840752 0 0 0 0                       
point2 1680.821870327 27.15528525692 -0.86210356909778 0 0 0 0                       
point2 1683.5213165283 26.044026726852 -0.86143259920137 0 0 0 0                       
point2 1686.3207504749 24.882536223464 -0.85878834856818 0 0 0 0                       
point2 1689.0201635361 23.755976833341 -0.78303266492583 0 0 0 0                       
point2 1691.7195985317 22.678689409215 -0.69310966791663 0 0 0 0                       
point2 1694.5190784931 21.570647794259 -0.70211402296413 0 0 0 0                       
point2 1697.2185914516 20.545119676139 -0.71725609275612 0 0 0 0                       
point2 1701.9176473618 18.584845471315 -0.72041376449626 0 0 0 0                       
point2 1704.6169214249 17.479226054183 -0.72438125989135 0 0 0 0                       
point2 1707.3164453506 16.373323455569 -0.71703591536443 0 0 0 0                       
point2 1710.0157864094 15.320231519183 -0.69702019587773 0 0 0 0                       
point2 1712.8152115345 14.265734945575 -0.66738073483794 0 0 0 0                       
point2 1715.6145913601 13.245557810455 -0.6303080956031 0 0 0 0                       
point2 1718.3140933514 12.201646913296 -0.5904241660164 0 0 0 0                       
point2 1721.0135154724 11.147484922082 -0.5439031666335 0 0 0 0                       
point2 1725.8125164509 9.1723587714853 -0.44736037108668 0 0 0 0                       
point2 1728.5119364262 8.145944558111 -0.37470974546158 0 0 0 0                       
point2 1731.211473465 7.1140075917378 -0.29334750914013 0 0 0 0                       
point2 1733.9107794762 6.0402746032985 -0.2136534138767 0 0 0 0                       
point2 1736.7102315426 4.9470254231307 -0.17201280516166 0 0 0 0                       
point2 1739.4096293449 3.8950136226063 -0.14360660857694 0 0 0 0                       
point2 1742.0091245174 2.855596967148 -0.15198849565203 0 0 0 0                       
point2 1744.8085374832 1.7212615285983 -0.1376588216587 0 0 0 0                       
point2 1749.5076115131 -0.16202950450124 -0.11032610875129 0 0 0 0                       
point2 1752.3069314957 -1.3078656295989 -0.07393880734373 0 0 0 0                       
point2 1755.1064074039 -2.40274458548 0.049735042068257 0 0 0 0                       
point2 1757.9058074951 -3.5136988271725 0.033984121432127 0 0 0 0                       
point2 1760.7052633762 -4.6109946848967 0.11268057840499 0 0 0 0                       
point2 1763.4046435356 -5.6772002833992 0.10103814857091 0 0 0 0                       
point2 1766.2042315006 -6.788954199944 0.10220254325039 0 0 0 0                       
point2 1768.9035613537 -7.8843618726527 0.21165135320035 0 0 0 0                       
point2 1773.9025244713 -9.9031923153736 0.31009963634004 0 0 0 0                       
point2 1776.6019904613 -10.967336494625 0.28166492461384 0 0 0 0                       
point2 1779.401440382 -12.07058348299 0.27612392158105 0 0 0 0                       
point2 1782.1008603573 -13.158516490017 0.28524449901663 0 0 0 0                       
point2 1784.9002234936 -14.335582273164 0.29759460688889 0 0 0 0                       
point2 1787.6996355057 -15.514569235072 0.45931547221391 0 0 0 0                       
point2 1790.5990943909 -16.70414711486 0.61943065566323 0 0 0 0                       
point2 1793.5984094143 -17.841495442633 0.64228721273756 0 0 0 0                       
point2 1798.4974205494 -19.814181230652 0.5513129334246 0 0 0 0                       
point2 1801.2968335152 -20.888638129757 0.56550800522212 0 0 0 0                       
point2 1804.0962414742 -21.996348710866 0.65648553906406 0 0 0 0                       
point2 1806.8956484795 -23.107140017485 0.62486587194952 0 0 0 0                       
point2 1809.6950764656 -24.226977066541 0.68283800584211 0 0 0 0                       
point2 1812.5944514275 -25.381063791866 0.79986422651594 0 0 0 0                       
point2 1815.3939373493 -26.497790855397 0.76479397177058 0 0 0 0                       
point2 1818.1932964325 -27.581459198988 0.70579446421339 0 0 0 0                       
point2 1823.0922944546 -29.590732868343 0.64392057771248 0 0 0 0                       
point2 1825.8916733265 -30.727617094417 0.7574989935272 0 0 0 0                       
point2 1828.7911164761 -31.918439230187 0.7907664613498 0 0 0 0                       
point2 1831.6904804707 -33.071742036534 0.73626000332563 0 0 0 0                       
point2 1834.5899283886 -34.192706337574 0.69381321035751 0 0 0 0                       
point2 1837.4893574715 -35.34445405758 0.67141711132084 0 0 0 0                       
point2 1840.4886434078 -36.521772202247 0.721366585082 0 0 0 0                       
point2 1845.6876175404 -38.60107597889 0.92493323876036 0 0 0 0                       
point2 1848.8869683743 -39.913176553768 0.91945230090146 0 0 0 0                       
point2 1851.9862594604 -41.186305314397 0.90848880588844 0 0 0 0                       
point2 1854.8857045174 -42.370789972208 0.90585548527168 0 0 0 0                       
point2 1857.8850674629 -43.57777094348 0.91053345241495 0 0 0 0                       
point2 1860.7844793797 -44.740185123871 0.9292135900665 0 0 0 0                       
point2 1863.7838823795 -45.931690323281 0.95584374341529 0 0 0 0                       
point2 1868.7828533649 -47.988680726612 0.92244479096643 0 0 0 0                       
point2 1871.6822624207 -49.143599798374 0.92511060379072 0 0 0 0                       
point2 1874.6816375256 -50.31089017156 0.90513885115719 0 0 0 0                       
point2 1877.6810593605 -51.498795312151 0.89063137299294 0 0 0 0                       
point2 1880.5804264545 -52.694496540145 0.87751254650752 0 0 0 0                       
point2 1883.4798843861 -53.907875736529 0.87164471269793 0 0 0 0                       
point2 1886.4792573452 -55.125315967925 0.85390093408591 0 0 0 0                       
point2 1891.5780773163 -57.127087128298 0.768456043876 0 0 0 0                       
point2 1894.5774614811 -58.325424748536 0.71520271078497 0 0 0 0                       
point2 1897.576880455 -59.507267931222 0.64899316143592 0 0 0 0                       
point2 1900.4762043953 -60.636695295107 0.57844181281902 0 0 0 0                       
point2 1903.3756303787 -61.787228052097 0.52486897470054 0 0 0 0                       
point2 1906.3749763966 -63.024637530211 0.46939816240109 0 0 0 0                       
point2 1909.2744474411 -64.180448251622 0.43543465930471 0 0 0 0                       
point2 1914.3734154701 -66.136976245606 0.41326456554439 0 0 0 0                       
point2 1917.3727033138 -67.330869080115 0.39711461689407 0 0 0 0                       
point2 1920.2722463608 -68.498020646273 0.39342848128094 0 0 0 0                       
point2 1923.1715195179 -69.702222662411 0.38836581391381 0 0 0 0                       
point2 1926.071044445 -70.887996489202 0.4086971859665 0 0 0 0                       
point2 1929.0702974796 -72.142080597472 0.43117923712024 0 0 0 0                       
point2 1931.9697065353 -73.27309668122 0.30101049073439 0 0 0 0                       
point2 1936.968672514 -75.254551536772 0.23341599667156 0 0 0 0                       
point2 1939.8680603504 -76.388976098922 0.21031808640332 0 0 0 0                       
point2 1942.7674324512 -77.530523005261 0.19377343681302 0 0 0 0                       
point2 1945.7668833733 -78.717762862102 0.1825148355669 0 0 0 0                       
point2 1948.7662365437 -79.465403001126 0.17476871477072 0 0 0 0                       
point2 1951.7656333447 -79.469665288441 0.17098351101737 0 0 0 0                       
point2 1954.7650375366 -79.46682848715 0.16968263476865 0 0 0 0                       
point2 1959.9638693333 -79.480071406296 0.16438250242008 0 0 0 0                       
point2 1962.8633553982 -79.479267132046 0.16428209447173 0 0 0 0                       
point2 1965.8626935482 -78.586277728549 0.099560344091236 0 0 0 0                       
point2 1968.8621184826 -77.392583672651 0.04651165941852 0 0 0 0                       
point2 1971.8614695072 -76.184863870944 0.10732124723124 0 0 0 0                       
point2 1974.7608304024 -75.011768139125 0.17489600684955 0 0 0 0                       
point2 1977.7601914406 -73.794612726452 0.21221579053953 0 0 0 0                       
point2 1982.9590933323 -71.675536030426 0.2563678230812 0 0 0 0                       
point2 1985.9584934711 -70.383014947569 0.2746618944941 0 0 0 0                       
point2 1989.0578403473 -69.089723325326 0.27672621699043 0 0 0 0                       
point2 1992.0573153496 -67.881265558661 0.27012908005436 0 0 0 0                       
point2 1994.9566173553 -66.765226778744 0.24731026463452 0 0 0 0                       
point2 1997.9560785294 -65.607323755797 0.21391709425477 0 0 0 0                       
point2 2000.9553613663 -64.38688303104 0.17614386449108 0 0 0 0                       
point2 2006.2542304993 -62.283046318459 0.2662671772268 0 0 0 0                       
point2 2009.2536833286 -61.091069225856 0.35056862533819 0 0 0 0                       
point2 2012.2530105114 -59.867580506401 0.42822958172209 0 0 0 0                       
point2 2015.1524693966 -58.78653916782 0.49457313484653 0 0 0 0                       
point2 2018.0518143177 -57.664051698762 0.55535081171031 0 0 0 0                       
point2 2021.0512795448 -56.463726890115 0.60170181197562 0 0 0 0                       
point2 2023.9506213665 -55.292457484546 0.6293210190999 0 0 0 0                       
point2 2029.1496713161 -53.190447317128 0.66299340927492 0 0 0 0                       
point2 2032.2490413189 -51.920481991288 0.72486139033757 0 0 0 0                       
point2 2035.2482583523 -50.750435659437 0.76306395278666 0 0 0 0                       
point2 2038.3477544785 -49.520823164058 0.74629715719763 0 0 0 0                       
point2 2041.3470394611 -48.368359547788 0.73638670730787 0 0 0 0                       
point2 2044.3464365005 -47.175765026865 0.75144733989818 0 0 0 0                       
point2 2047.3458194733 -45.950355904454 0.85616111995468 0 0 0 0                       
point2 2052.6447234154 -43.806059082287 0.9276316708106 0 0 0 0                       
point2 2055.7440814972 -42.575175376212 0.92453804435947 0 0 0 0                       
point2 2058.9433164597 -41.296408979876 0.91107968461833 0 0 0 0                       
point2 2062.0427284241 -40.061862879747 0.88474749358753 0 0 0 0                       
point2 2065.3420474529 -38.727796482294 0.86561295315093 0 0 0 0                       
point2 2068.7413904667 -37.339656518684 0.91991687549666 0 0 0 0                       
point2 2072.0406453609 -36.018962309946 0.94870396615397 0 0 0 0                       
point2 2077.5394794941 -33.748582575672 0.98320718952858 0 0 0 0                       
point2 2080.7388415337 -32.472331667268 0.90560296697896 0 0 0 0                       
point2 2083.8381884098 -31.178479735464 0.93773083229513 0 0 0 0                       
point2 2086.9375715256 -29.908761556279 0.95079910899035 0 0 0 0                       
point2 2090.1368834972 -28.639166265002 0.94934035115362 0 0 0 0                       
point2 2093.3363385201 -27.333144389089 0.93349481474791 0 0 0 0                       
point2 2096.5356864929 -26.066725236637 0.90601347702113 0 0 0 0                       
point2 2102.0344343185 -23.757774109105 0.82175277909539 0 0 0 0                       
point2 2105.1337795258 -22.555330116372 0.78030661002792 0 0 0 0                       
point2 2108.3331804276 -21.281040875618 0.77856447677368 0 0 0 0                       
point2 2111.532469511 -20.047679979581 0.82200883951023 0 0 0 0                       
point2 2114.7317764759 -18.756933804256 0.74905708998342 0 0 0 0                       
point2 2117.8312733173 -17.534361630271 0.64851609653349 0 0 0 0                       
point2 2120.930586338 -16.239407491552 0.54657620254355 0 0 0 0                       
point2 2126.7294063568 -13.917231606314 0.43100953940348 0 0 0 0                       
point2 2129.9286894798 -12.656123722614 0.42398969766624 0 0 0 0                       
point2 2133.0280594826 -11.43296438085 0.34955041162539 0 0 0 0                       
point2 2136.2273683548 -10.128102529321 0.24739274228932 0 0 0 0                       
point2 2139.2267644405 -8.8949929519117 0.22290788791354 0 0 0 0                       
point2 2142.4260764122 -7.6381942117696 0.18011657761839 0 0 0 0                       
point2 2145.5255725384 -6.4748675525592 0.097996740634258 0 0 0 0                       
point2 2150.9243505001 -4.415042697956 -0.0077007833781195 0 0 0 0                       
point2 2154.0237474442 -3.1686384174402 0.068064347720309 0 0 0 0                       
point2 2157.2230834961 -1.8435806384983 0.073620243208431 0 0 0 0                       
point2 2160.6222553253 -0.52589986582786 -0.02605759329392 0 0 0 0                       
point2 2164.121663332 0.86062318853768 -0.1638269277591 0 0 0 0                       
point2 2167.5208573341 2.2656627453089 -0.17796144535889 0 0 0 0                       
point2 2170.7202074528 3.4861797235708 -0.17133148373326 0 0 0 0                       
point2 2176.2191653252 5.6469699939896 -0.30079242919503 0 0 0 0                       
point2 2179.418346405 6.9380254620218 -0.3842569404086 0 0 0 0                       
point2 2182.6178133488 8.2340102995433 -0.46290258595332 0 0 0 0                       
point2 2185.7171423435 9.4895761776154 -0.42246116869699 0 0 0 0                       
point2 2188.8164913654 10.719875681102 -0.46894108013438 0 0 0 0                       
point2 2192.0158343315 11.987178848455 -0.42970238938128 0 0 0 0                       
point2 2195.2150745392 13.234824182326 -0.43250661422372 0 0 0 0                       
point2 2200.7140314579 15.459021647891 -0.51547346415305 0 0 0 0                       
point2 2203.8132853508 16.738375994511 -0.50606987692993 0 0 0 0                       
point2 2207.0126404762 18.083043469542 -0.48354018877993 0 0 0 0                       
point2 2210.1120803356 19.308782455679 -0.47354096744629 0 0 0 0                       
point2 2213.4113063812 20.595473477496 -0.467112927994 0 0 0 0                       
point2 2216.6106853485 21.882220889837 -0.47592579638764 0 0 0 0                       
point2 2219.809990406 23.202459320112 -0.48004511335601 0 0 0 0                       
point2 2225.4088094234 25.440032785884 -0.54163216756778 0 0 0 0                       
point2 2228.608237505 26.635937662747 -0.59692999982053 0 0 0 0                       
point2 2231.7074944973 27.800933585712 -0.64982577981925 0 0 0 0                       
point2 2234.9068274498 29.08118669731 -0.72708248445815 0 0 0 0                       
point2 2238.0061984062 30.327038548272 -0.80325023033063 0 0 0 0                       
point2 2241.2056734562 31.596833758833 -0.77644626299302 0 0 0 0                       
point2 2244.4049334526 32.864917470271 -0.79356073492842 0 0 0 0                       
point2 2250.0036635399 35.123295340844 -0.71907341914787 0 0 0 0                       
point2 2253.2030575275 36.41755314233 -0.68800538352325 0 0 0 0                       
point2 2256.5024244785 37.78035374306 -0.64925978453625 0 0 0 0                       
point2 2259.8016865253 39.140984169177 -0.62463107309608 0 0 0 0                       
point2 2263.0010025501 40.377408712176 -0.73349420291932 0 0 0 0                       
point2 2266.20033741 41.64785491208 -0.69616804301059 0 0 0 0                       
point2 2269.3997583389 42.891272621361 -0.66413336269072 0 0 0 0                       
