point2 15.376316785812 0.0064879678948016 -12.487573751699 0 0 0 0                       
point2 21.375129699707 0.0064879678948016 -12.487573751699 0 0 0 0                       
point2 23.474730730057 0.0064879678948016 -12.487573751699 0 0 0 0                       
point2 25.174395799637 0.0064879678948016 -12.487573751699 0 0 0 0                       
point2 26.873906850815 0.0064879678948016 -12.487573751699 0 0 0 0                       
point2 28.673537731171 0.0064879678948016 -12.487573751699 0 0 0 0                       
point2 30.273215770721 0.0064879678948016 -12.487573751699 0 0 0 0                       
point2 31.773006677628 0.0064879678948016 -12.487573751699 0 0 0 0                       
point2 33.472607851028 0.0064879678948016 -12.487573751699 0 0 0 0                       
point2 35.072210788727 0.0064879678948016 -12.487573751699 0 0 0 0                       
point2 36.671896696091 0.0064879678948016 -12.487573751699 0 0 0 0                       
point2 38.271577835083 -0.24976475841274 -12.490219499088 0 0 0 0                       
point2 39.871238708496 -0.9199113189578 -12.494547725203 0 0 0 0                       
point2 41.470967769623 -1.5568092227854 -12.498257209866 0 0 0 0                       
point2 43.070653676987 -2.1998118938049 -12.481809428695 0 0 0 0                       
point2 44.670287847519 -2.80334787582 -12.513714446239 0 0 0 0                       
point2 46.369907855988 -3.5192964633169 -12.492835115474 0 0 0 0                       
point2 48.269520759583 -4.4091758259737 -12.5295398397 0 0 0 0                       
point2 50.16906785965 -5.5792877351819 -12.69949990492 0 0 0 0                       
point2 51.968679666519 -6.6437550859777 -12.668519393247 0 0 0 0                       
point2 53.76847577095 -7.735235422406 -12.717729310949 0 0 0 0                       
point2 55.567980766296 -8.865416147708 -12.783011925525 0 0 0 0                       
point2 57.467547655106 -9.997789506435 -12.748718930848 0 0 0 0                       
point2 59.267254829407 -11.08048479273 -12.672314777358 0 0 0 0                       
point2 61.066825866699 -12.163727783062 -12.49541548162 0 0 0 0                       
point2 62.966486692429 -12.830045828257 -11.654522819295 0 0 0 0                       
point2 64.666079759598 -12.802421675755 -10.673380502171 0 0 0 0                       
point2 66.465764760971 -12.702002558224 -9.5942302990554 0 0 0 0                       
point2 68.165321826935 -12.610098870416 -8.5561776779471 0 0 0 0                       
point2 69.965009689331 -12.627065373632 -7.4352588067912 0 0 0 0                       
point2 71.764685869217 -12.612455333404 -6.3594921002184 0 0 0 0                       
point2 73.464233636856 -12.619679632901 -5.3396494390029 0 0 0 0                       
point2 75.263892650604 -12.610286661776 -4.2704617243316 0 0 0 0                       
point2 77.063554763794 -12.678976420823 -3.1863892796157 0 0 0 0                       
point2 78.963182687759 -12.702212726993 -2.0174676384567 0 0 0 0                       
point2 80.662780761719 -12.811027806811 -1.0329320423314 0 0 0 0                       
point2 82.56242275238 -12.845818727439 0.13438589906207 0 0 0 0                       
point2 84.262089729309 -12.832770303132 1.1382264990442 0 0 0 0                       
point2 86.061790704727 -12.797112526388 2.2346347726275 0 0 0 0                       
point2 87.861290693283 -12.747786522176 3.3474700294371 0 0 0 0                       
point2 89.660936832428 -12.735059287106 4.460127457266 0 0 0 0                       
point2 91.560599803925 -12.891696283877 5.5782777412374 0 0 0 0                       
point2 93.360172748566 -13.049609390469 6.6425471975963 0 0 0 0                       
point2 95.159809827805 -13.189952654946 7.7479566142186 0 0 0 0                       
point2 97.059451818466 -13.360272528395 8.8735092127731 0 0 0 0                       
point2 98.859015703201 -13.406633318314 9.9593911167589 0 0 0 0                       
point2 100.85860180855 -13.25488137278 11.14022090655 0 0 0 0                       
point2 102.75821971893 -12.618798451762 12.099849255416 0 0 0 0                       
point2 104.5579097271 -11.573560520406 12.143186295804 0 0 0 0                       
point2 106.35746884346 -10.500875508384 12.219274299456 0 0 0 0                       
point2 108.25705480576 -9.3559160370857 12.316696224725 0 0 0 0                       
point2 110.05680966377 -8.2774125170907 12.394913845302 0 0 0 0                       
point2 111.95632886887 -7.1107589545001 12.459474229613 0 0 0 0                       
point2 113.75602483749 -5.935337170872 12.5139336165 0 0 0 0                       
point2 115.55558872223 -4.8151515323111 12.559329268818 0 0 0 0                       
point2 117.35519766808 -3.6793115440972 12.597068423819 0 0 0 0                       
point2 119.25475072861 -2.5445372857178 12.625752919911 0 0 0 0                       
point2 121.25445270538 -1.3487798398975 12.653849959528 0 0 0 0                       
point2 123.05394983292 -0.26554596861542 12.657592808165 0 0 0 0                       
point2 124.85365366936 0.83353250801666 12.659733551571 0 0 0 0                       
point2 126.65320563316 1.9155412449279 12.649642982649 0 0 0 0                       
point2 128.55275964737 3.0815774480624 12.625867582784 0 0 0 0                       
point2 130.25249266624 4.1101196457445 12.593738359035 0 0 0 0                       
point2 132.05203580856 5.1836561431929 12.555717821413 0 0 0 0                       
point2 133.85174965858 6.2985076261781 12.555565644335 0 0 0 0                       
point2 135.65123176575 7.3990872393717 12.601605928368 0 0 0 0                       
point2 137.55089473724 8.5435261194898 12.645625858558 0 0 0 0                       
point2 139.35046982765 9.6386862612589 12.513951203033 0 0 0 0                       
point2 141.15003275871 10.209409067852 11.642945743616 0 0 0 0                       
point2 143.14970564842 10.18934496067 10.4571217789 0 0 0 0                       
point2 144.9491918087 10.103401287191 9.3856114217581 0 0 0 0                       
point2 146.64885377884 10.017608610498 8.3606524257733 0 0 0 0                       
point2 148.44850564003 9.9250204999215 7.2762458863224 0 0 0 0                       
point2 150.24815273285 9.9683881165898 6.2302995977028 0 0 0 0                       
point2 152.04773378372 10.075951160316 5.1681614521665 0 0 0 0                       
point2 153.84734582901 10.153431271246 4.0909850746641 0 0 0 0                       
point2 155.64688563347 10.212561634498 2.9931656833399 0 0 0 0                       
point2 157.44651579857 10.260244936699 1.8814760845295 0 0 0 0                       
point2 159.34610581398 10.303728413843 0.70691338289487 0 0 0 0                       
point2 161.14581084251 10.328353394341 -0.40215299879244 0 0 0 0                       
point2 163.04537677765 10.346842128936 -1.5585623302771 0 0 0 0                       
point2 165.04488182068 10.338988022061 -2.7755857800825 0 0 0 0                       
point2 166.84448981285 10.338991841696 -3.857641401476 0 0 0 0                       
point2 168.64412879944 10.317335785092 -4.9435657337649 0 0 0 0                       
point2 170.54368472099 10.302516590357 -6.0730571715489 0 0 0 0                       
point2 172.34332966805 10.412197169696 -7.1564999480164 0 0 0 0                       
point2 174.14296078682 10.526931063306 -8.2509326261047 0 0 0 0                       
point2 175.84260773659 10.623854307747 -9.2803666648192 0 0 0 0                       
point2 177.64221572876 11.016738087556 -10.249665037661 0 0 0 0                       
point2 179.44190073013 11.944149024864 -10.894283101916 0 0 0 0                       
point2 181.14145874977 12.795338945536 -11.480325837107 0 0 0 0                       
point2 182.94101881981 13.812051058277 -11.892704842925 0 0 0 0                       
point2 184.74065685272 14.924318776517 -11.99375859449 0 0 0 0                       
point2 186.74028778076 16.166161344609 -12.098225957018 0 0 0 0                       
point2 188.4398226738 17.195947983423 -12.183262812405 0 0 0 0                       
point2 190.23957872391 18.283010050741 -12.288864141704 0 0 0 0                       
point2 192.13906979561 19.421307846582 -12.31120092813 0 0 0 0                       
point2 193.93860864639 20.4385352338 -12.159028729901 0 0 0 0                       
point2 195.73827075958 21.49261641809 -12.01771026201 0 0 0 0                       
point2 197.53782081604 22.548277079607 -11.965644111708 0 0 0 0                       
point2 199.33752369881 23.63729160756 -11.971837119248 0 0 0 0                       
point2 201.13701272011 24.719758309306 -11.989998351666 0 0 0 0                       
point2 202.93673086166 25.797459974216 -12.0252388577 0 0 0 0                       
point2 204.83622765541 26.930968043777 -12.070152466094 0 0 0 0                       
point2 206.63584470749 27.885667569943 -12.479451655603 0 0 0 0                       
point2 208.7354798317 28.376205532102 -13.581322869263 0 0 0 0                       
point2 210.43503880501 28.555093778847 -14.597346897026 0 0 0 0                       
point2 212.23461580276 28.717418775996 -15.655872118665 0 0 0 0                       
point2 214.13421869278 28.646797290868 -16.790083329109 0 0 0 0                       
point2 215.93387079239 27.873617504383 -17.511464089256 0 0 0 0                       
point2 217.73341274261 26.825461969447 -17.591066968866 0 0 0 0                       
point2 219.53310084343 25.768131263373 -17.497531287959 0 0 0 0                       
point2 221.23266863823 24.755639052286 -17.3787127809 0 0 0 0                       
point2 223.032340765 23.655979673253 -17.239990036271 0 0 0 0                       
point2 224.83187365532 22.611908262006 -17.088450349584 0 0 0 0                       
point2 226.63154864311 21.532743162122 -16.913727532994 0 0 0 0                       
point2 228.33120584488 20.503528533534 -16.719089761066 0 0 0 0                       
point2 230.53065371513 19.904307348957 -15.651066498773 0 0 0 0                       
point2 232.23030185699 19.89313585295 -14.636708676913 0 0 0 0                       
point2 234.12987971306 19.944684592308 -13.540748244669 0 0 0 0                       
point2 235.9294397831 19.574210206176 -12.539902746375 0 0 0 0                       
point2 237.72917675972 18.585429588437 -12.240695335532 0 0 0 0                       
point2 239.52864074707 17.53028004846 -12.416193396981 0 0 0 0                       
point2 241.32831764221 16.476748697583 -12.566395110832 0 0 0 0                       
point2 243.22787976265 15.359071487836 -12.520040542302 0 0 0 0                       
point2 245.12745785713 14.224039729656 -12.465447745256 0 0 0 0                       
point2 246.92712068558 13.128261922361 -12.38899705945 0 0 0 0                       
point2 248.72680282593 11.971284847814 -12.4493553285 0 0 0 0                       
point2 250.9262046814 10.616926901085 -12.574833060703 0 0 0 0                       
point2 252.72584986687 9.5110191682072 -12.653436703343 0 0 0 0                       
point2 254.52543067932 8.364608432606 -12.712066816801 0 0 0 0                       
point2 256.42506885529 7.1889973334873 -12.770017333373 0 0 0 0                       
point2 258.22463870049 6.1245366879331 -12.812640583414 0 0 0 0                       
point2 260.12416982651 5.0047045130926 -12.833631108008 0 0 0 0                       
point2 261.92388367653 3.9172881745357 -12.856655826723 0 0 0 0                       
point2 263.72343182564 2.8527234673533 -12.859427602098 0 0 0 0                       
point2 265.52300071716 1.7688258606834 -12.850358234867 0 0 0 0                       
point2 267.4226436615 0.58113916210187 -12.845478508281 0 0 0 0                       
point2 269.22228765488 -0.52655878480365 -12.82390599507 0 0 0 0                       
point2 271.42175984383 -1.8350570006579 -12.773584059686 0 0 0 0                       
point2 273.22142982483 -2.9082095766196 -12.72321526246 0 0 0 0                       
point2 275.02102470398 -3.9996716543484 -12.649502081205 0 0 0 0                       
point2 276.92055869102 -5.1473998989768 -12.564984368433 0 0 0 0                       
point2 278.82022476196 -6.2586631486422 -12.66779608772 0 0 0 0                       
point2 280.61978769302 -7.3501351743704 -12.913300511851 0 0 0 0                       
point2 282.51935172081 -8.4899216608398 -13.046380291512 0 0 0 0                       
point2 284.41896677017 -9.6409221392283 -13.120979503029 0 0 0 0                       
point2 286.31850576401 -10.79161812696 -13.195143752931 0 0 0 0                       
point2 288.21821975708 -11.94944293579 -13.009489266249 0 0 0 0                       
point2 290.01777267456 -12.430171939412 -12.133651726164 0 0 0 0                       
point2 292.41727876663 -12.382854713957 -10.722321973778 0 0 0 0                       
point2 294.2169406414 -12.447078327704 -9.6473287834911 0 0 0 0                       
point2 296.1164867878 -12.531815527546 -8.4703545343758 0 0 0 0                       
point2 297.91609573364 -12.599230867003 -7.3809230188334 0 0 0 0                       
point2 299.81565880775 -12.638871579132 -6.2662401760038 0 0 0 0                       
point2 301.71517372131 -12.677537338673 -5.1229337885549 0 0 0 0                       
point2 303.61491775513 -12.703433551417 -3.9569323235006 0 0 0 0                       
point2 305.61441063881 -12.688523876615 -2.7492985565064 0 0 0 0                       
point2 307.71390485764 -12.644649444514 -1.4762907005718 0 0 0 0                       
point2 309.71345067024 -12.578077542447 -0.22451782378671 0 0 0 0                       
point2 311.61313867569 -12.584582732529 0.92917876136652 0 0 0 0                       
point2 314.01255178452 -12.78554313185 2.3296816886315 0 0 0 0                       
point2 316.01228785515 -12.944114310681 3.4972249485091 0 0 0 0                       
point2 318.11171483994 -13.101323353998 4.7227692154126 0 0 0 0                       
point2 320.11130475998 -13.199127203042 5.9267694740111 0 0 0 0                       
point2 322.11082863808 -13.117948413604 7.1451270668376 0 0 0 0                       
point2 324.21034765244 -13.010378042498 8.4411762021011 0 0 0 0                       
point2 326.10999083519 -13.041131710509 9.5858278879156 0 0 0 0                       
point2 328.10958766937 -13.063871793125 10.807878843949 0 0 0 0                       
point2 330.00917387009 -12.66819757518 11.885756529061 0 0 0 0                       
point2 331.90881085396 -11.64139233755 12.317981629218 0 0 0 0                       
point2 333.80837082863 -10.48037697674 12.305680856113 0 0 0 0                       
point2 336.30776286125 -8.9421176809836 12.277291348539 0 0 0 0                       
point2 338.20739173889 -7.8059055407727 12.331820087402 0 0 0 0                       
point2 340.10691976547 -6.6106283802295 12.35631278244 0 0 0 0                       
point2 342.00655174255 -5.3969982932129 12.386370552716 0 0 0 0                       
point2 343.9062128067 -4.2008542876636 12.415852602789 0 0 0 0                       
point2 345.80570483208 -3.0332009739561 12.411309850476 0 0 0 0                       
point2 347.80531263351 -1.7944270358593 12.402866879946 0 0 0 0                       
point2 349.70496964455 -0.63708449669265 12.473659249007 0 0 0 0                       
point2 351.70449471474 -0.12687127574524 13.517405716703 0 0 0 0                       
point2 353.60412573814 -0.033807682059291 14.661615834374 0 0 0 0                       
point2 355.50371575356 0.097372960300916 15.808087661873 0 0 0 0                       
point2 357.90324068069 0.63972307873823 17.105877222261 0 0 0 0                       
point2 359.80271077156 1.6849030581615 17.429998542595 0 0 0 0                       
point2 361.7022998333 2.8192507922616 17.518322283184 0 0 0 0                       
point2 363.60196375847 3.9894550029824 17.508882993874 0 0 0 0                       
point2 365.50160264969 5.1624192836283 17.502510582222 0 0 0 0                       
point2 367.40120077133 6.3467564745628 17.461696171442 0 0 0 0                       
point2 369.40075469017 7.5681495141382 17.414253636626 0 0 0 0                       
point2 371.30027985573 8.678476232379 17.332731576771 0 0 0 0                       
point2 373.19990086555 9.7764874848464 17.253830014357 0 0 0 0                       
point2 375.09959077835 10.934921444299 17.36546681564 0 0 0 0                       
point2 376.99914479256 12.017337076553 17.32030166821 0 0 0 0                       
point2 379.39861869812 13.443760697399 17.377808972126 0 0 0 0                       
point2 381.19814372063 14.511563775077 17.46317305764 0 0 0 0                       
point2 383.09784078598 15.65752231976 17.556379004527 0 0 0 0                       
point2 385.0973906517 16.838043233154 17.647497582492 0 0 0 0                       
point2 387.09695672989 18.064767379684 17.697470273756 0 0 0 0                       
point2 389.09649085999 19.29545334605 17.745980453496 0 0 0 0                       
point2 391.0960047245 20.501563133574 17.794081078938 0 0 0 0                       
point2 393.19566369057 21.754911337004 17.822089772114 0 0 0 0                       
point2 395.19520974159 22.970797617683 17.829163209671 0 0 0 0                       
point2 397.0947906971 24.125701117876 17.85267898617 0 0 0 0                       
point2 399.19442272186 25.41957507981 17.845543046978 0 0 0 0                       
point2 401.69380068779 26.862145125757 17.577355346149 0 0 0 0                       
point2 403.69338965416 27.247865609807 16.480087893126 0 0 0 0                       
point2 405.69293665886 27.300906265263 15.315864864238 0 0 0 0                       
point2 407.69253563881 27.306165202591 14.1085248066 0 0 0 0                       
point2 409.69213271141 26.828402781976 13.0410364516 0 0 0 0                       
point2 411.69166183472 25.624230451271 12.964389503371 0 0 0 0                       
point2 413.69123268127 24.411206285532 12.844543537131 0 0 0 0                       
point2 415.69085884094 23.165130606292 12.714159701859 0 0 0 0                       
point2 417.69043874741 21.99307272399 12.599708457751 0 0 0 0                       
point2 419.68996071815 20.844645823086 12.513151551042 0 0 0 0                       
point2 422.38942265511 19.241684021302 12.388969039277 0 0 0 0                       
point2 424.38894677162 18.045031272241 12.322167783107 0 0 0 0                       
point2 426.28852081299 16.920946514878 12.278167058001 0 0 0 0                       
point2 428.388204813 15.672816145137 12.261995063977 0 0 0 0                       
point2 430.38768386841 14.480127691496 12.252743560863 0 0 0 0                       
point2 432.48734664917 13.232650418142 12.231035363056 0 0 0 0                       
point2 434.48677563667 11.999017418938 12.232662283245 0 0 0 0                       
point2 436.48647069931 10.778348354969 12.24729550042 0 0 0 0                       
point2 438.48601984978 9.8640366149094 11.604076031794 0 0 0 0                       
point2 440.48554968834 9.831254580105 10.397368128929 0 0 0 0                       
point2 443.08620381355 9.9350116948774 8.8585766404344 0 0 0 0                       
point2 444.88458681107 9.993725400566 7.7879280554304 0 0 0 0                       
point2 446.78420376778 10.032557935944 6.6577813851319 0 0 0 0                       
point2 448.78373670578 10.055109888004 5.469243473897 0 0 0 0                       
point2 450.68336963654 10.068231836265 4.3183354504142 0 0 0 0                       
point2 452.58305478096 10.066690900722 3.1442381910338 0 0 0 0                       
point2 454.58252978325 10.057125264384 1.9142699304574 0 0 0 0                       
point2 456.48212885857 10.039024460057 0.7718366070407 0 0 0 0                       
point2 458.38174080849 9.9933014509622 -0.39025419594433 0 0 0 0                       
point2 460.28136467934 9.9432561080596 -1.5583910719159 0 0 0 0                       
point2 462.18097472191 9.887484359652 -2.7199374772639 0 0 0 0                       
point2 464.78045272827 9.9168078710668 -4.3171308878704 0 0 0 0                       
point2 466.57998371124 10.047856603572 -5.3976986184871 0 0 0 0                       
point2 468.47963166237 10.1817407567 -6.5413467893883 0 0 0 0                       
point2 470.37920379639 10.290198611465 -7.6690243145432 0 0 0 0                       
point2 472.27878379822 10.391156287818 -8.7908850387821 0 0 0 0                       
point2 474.17845964432 10.483033986766 -9.935317069114 0 0 0 0                       
point2 476.27799081802 10.58342611556 -11.183962014865 0 0 0 0                       
point2 478.17753767967 10.663923950755 -12.3366999495 0 0 0 0                       
point2 480.17713069916 9.8680266991373 -13.063319876319 0 0 0 0                       
point2 482.17672872543 8.6669335279312 -13.005298513108 0 0 0 0                       
point2 484.27623081207 7.3821158822558 -12.830734554273 0 0 0 0                       
point2 486.97577667236 5.7566161389547 -12.823182628887 0 0 0 0                       
point2 489.07534766197 5.3114497345136 -13.887834512229 0 0 0 0                       
point2 491.07479786873 5.4627913035447 -15.075277142332 0 0 0 0                       
point2 493.17436385155 5.59597269329 -16.354402859428 0 0 0 0                       
point2 495.27394080162 4.9094497898413 -17.338535149871 0 0 0 0                       
point2 497.27349185944 3.771000199079 -17.349884765516 0 0 0 0                       
point2 499.27301573753 2.6052103092111 -17.340209103882 0 0 0 0                       
point2 501.27276182175 1.4225529725974 -17.509020578608 0 0 0 0                       
point2 503.17225265503 0.28061522535279 -17.665277055207 0 0 0 0                       
point2 505.17186570168 -0.92234119182562 -17.822032362071 0 0 0 0                       
point2 507.77126169205 -2.4565290076814 -18.018940965832 0 0 0 0                       
point2 509.67086482048 -3.6258015985806 -18.132841136085 0 0 0 0                       
point2 511.57047772408 -4.762335877284 -18.208926739829 0 0 0 0                       
point2 513.5700237751 -5.7679387817124 -17.570915069016 0 0 0 0                       
point2 515.56960368156 -5.6723818606816 -16.456968728933 0 0 0 0                       
point2 517.66929483414 -5.4238050266846 -15.671774791021 0 0 0 0                       
point2 519.76873064041 -5.4238050266846 -15.671774791021 0 0 0 0                       
point2 521.76834774017 -5.4144511543075 -15.641098394708 0 0 0 0                       
point2 523.76792383194 -5.3145771224447 -15.319680306126 0 0 0 0                       
point2 525.86742281914 -5.3145771224447 -15.319680306126 0 0 0 0                       
point2 528.66685986519 -5.2647214540665 -15.143486967297 0 0 0 0                       
point2 530.76646876335 -5.1551675973266 -14.731553273069 0 0 0 0                       
point2 532.86594486237 -4.8424314953631 -13.539919472821 0 0 0 0                       
point2 534.86568665504 -5.0466508183176 -12.424008922448 0 0 0 0                       
point2 536.9651696682 -6.236845388189 -12.52146848908 0 0 0 0                       
point2 538.96465563774 -7.4388574465779 -12.480324983936 0 0 0 0                       
point2 541.06423568726 -8.6503166777959 -12.555335697047 0 0 0 0                       
point2 542.96382784843 -8.6516143472952 -12.555444966044 0 0 0 0                       
point2 544.96334981918 -8.6516143472952 -12.555444966044 0 0 0 0                       
point2 546.96297979355 -9.6723463201852 -12.641894661237 0 0 0 0                       
point2 549.76238965988 -11.393858011446 -12.734018873039 0 0 0 0                       
point2 551.86200165749 -12.23204565697 -11.917997659596 0 0 0 0                       
point2 553.96154665947 -12.29791161881 -10.685443043846 0 0 0 0                       
point2 555.9610657692 -12.361394775282 -9.4829243615632 0 0 0 0                       
point2 558.06066465378 -12.395814742183 -9.2455967026679 0 0 0 0                       
point2 560.06018280983 -12.395814742183 -9.2455967026679 0 0 0 0                       
point2 562.1598136425 -12.505994041624 -8.216745942161 0 0 0 0                       
point2 564.25940871239 -12.461280436151 -6.9531286679799 0 0 0 0                       
point2 566.25894474983 -12.348546780241 -5.7721171267211 0 0 0 0                       
point2 568.35848283768 -12.386403643838 -4.5117557560723 0 0 0 0                       
point2 571.15795969963 -12.454404510708 -2.8095904701562 0 0 0 0                       
point2 573.15743565559 -12.509448883343 -1.6214263290168 0 0 0 0                       
point2 575.35701274872 -12.516826047876 -0.28803483644625 0 0 0 0                       
point2 577.45665574074 -12.501775314377 0.98429716560978 0 0 0 0                       
point2 579.65610265732 -12.505531149565 2.2950613590039 0 0 0 0                       
point2 581.75576877594 -12.457715774965 3.5469103719758 0 0 0 0                       
point2 583.95526385307 -12.39717239139 4.8821062697962 0 0 0 0                       
point2 586.15471577644 -12.360563445706 6.2276951587394 0 0 0 0                       
point2 588.45422387123 -12.522352048706 7.613902143148 0 0 0 0                       
point2 590.55377578735 -12.615703872111 8.8893552604751 0 0 0 0                       
point2 593.55321884155 -12.738812003792 10.702784713173 0 0 0 0                       
point2 595.6527338028 -12.095190583229 11.704773633809 0 0 0 0                       
point2 597.85225486755 -10.870243698388 12.084768439784 0 0 0 0                       
point2 600.1517996788 -9.4296355434508 12.090516213594 0 0 0 0                       
point2 602.35130572319 -8.0430697760038 11.999562011979 0 0 0 0                       
point2 604.65089273453 -6.6270181029401 11.984676204189 0 0 0 0                       
point2 606.85042572021 -5.2771757601934 11.98394391884 0 0 0 0                       
point2 609.14985585213 -3.8516007726454 11.983985047814 0 0 0 0                       
point2 611.24946379662 -2.6083527235141 11.951733831926 0 0 0 0                       
point2 614.44877266884 -0.6748592730859 11.973972607296 0 0 0 0                       
point2 616.64842176437 -0.16368513199454 13.12592837695 0 0 0 0                       
point2 618.8480026722 -0.13473280424202 14.458635382048 0 0 0 0                       
point2 621.04735684395 -0.15259793142157 15.760299728938 0 0 0 0                       
point2 623.14696884155 -0.0050735057442814 17.019232755631 0 0 0 0                       
point2 625.24655985832 1.108354235089 17.5316278205 0 0 0 0                       
point2 627.34612083435 2.4018691352844 17.539840074877 0 0 0 0                       
point2 629.5456867218 3.3632593908897 17.488421708147 0 0 0 0                       
point2 631.74517464638 3.3632593908897 17.488421708147 0 0 0 0                       
point2 634.04462265968 3.6665406711301 17.475967347525 0 0 0 0                       
point2 637.04402470589 5.434190911752 17.402440254732 0 0 0 0                       
point2 639.14354872704 6.7028902532971 17.320628793274 0 0 0 0                       
point2 641.24319267273 7.9966675532528 17.348443543963 0 0 0 0                       
point2 643.34281182289 9.2469292161513 17.408072879279 0 0 0 0                       
point2 645.44223284721 10.492435241656 17.453905856322 0 0 0 0                       
point2 647.64175581932 11.818910169751 17.482781173839 0 0 0 0                       
point2 649.84134078026 13.185391950981 17.491023275353 0 0 0 0                       
point2 652.04086184502 14.47831520971 17.501360826012 0 0 0 0                       
point2 654.14039778709 15.696673093808 17.479956798567 0 0 0 0                       
point2 656.33989572525 17.019710440788 17.439160675512 0 0 0 0                       
point2 659.43925881386 18.934565747829 17.347046618047 0 0 0 0                       
point2 661.43882584572 20.129182956034 17.280509662461 0 0 0 0                       
point2 663.43844366074 21.318520941275 17.219243947013 0 0 0 0                       
point2 665.63802671432 22.614550531153 17.316523067957 0 0 0 0                       
point2 667.63770866394 23.828439413079 17.424431931682 0 0 0 0                       
point2 669.93706178665 25.223717834187 17.516850561981 0 0 0 0                       
point2 672.23662567139 26.596307252223 17.371685517288 0 0 0 0                       
point2 674.43609285355 27.078991031525 16.189035223354 0 0 0 0                       
point2 676.73562979698 27.222887129788 14.811516032041 0 0 0 0                       
point2 679.03520965576 27.100477873237 13.446435317458 0 0 0 0                       
point2 682.23451566696 25.320313475471 13.053898020375 0 0 0 0                       
point2 684.43401265144 23.994506714103 13.152818584741 0 0 0 0                       
point2 686.83351969719 22.541854333113 13.20646342187 0 0 0 0                       
point2 689.13304185867 21.193095212429 13.29246325679 0 0 0 0                       
point2 691.43254065514 19.827357167536 13.276540672259 0 0 0 0                       
point2 693.73213481903 18.434422292188 13.178856869713 0 0 0 0                       
point2 696.03161668777 17.061397741941 13.131102051298 0 0 0 0                       
point2 698.43111777306 15.638682953807 13.113621269325 0 0 0 0                       
point2 700.83062076569 14.219323485104 13.101182588745 0 0 0 0                       
point2 704.02991580963 12.246797677491 13.127823151178 0 0 0 0                       
point2 706.22942686081 10.947452385202 13.181432183478 0 0 0 0                       
point2 708.52901673317 9.9985419230715 12.358729608281 0 0 0 0                       
point2 710.82843375206 9.9519707246911 10.969428513787 0 0 0 0                       
point2 713.12802886963 10.06676942992 9.5739018888186 0 0 0 0                       
point2 715.42750573158 10.1651972182 8.1955008257978 0 0 0 0                       
point2 717.72699785233 10.205845144617 6.8175146189557 0 0 0 0                       
point2 720.0265557766 10.239341735246 5.4421886376783 0 0 0 0                       
point2 722.42603182793 10.240068353446 4.0186250583742 0 0 0 0                       
point2 725.82536864281 10.216730632596 1.9534308332763 0 0 0 0                       
point2 728.12482881546 10.196821179577 0.55607783315744 0 0 0 0                       
point2 730.52439785004 10.112891327639 -0.93470191009049 0 0 0 0                       
point2 732.92379570007 10.21799748177 -2.418588568299 0 0 0 0                       
point2 735.22341871262 10.339410895236 -3.7911607484468 0 0 0 0                       
point2 737.52291870117 10.430901958029 -5.181293470973 0 0 0 0                       
point2 739.82243466377 10.50471575758 -6.555595221772 0 0 0 0                       
point2 742.02199673653 10.567264475708 -7.885820458151 0 0 0 0                       
point2 744.3214328289 10.614394836462 -9.271128172539 0 0 0 0                       
point2 747.42088770866 10.661639280493 -11.157832689501 0 0 0 0                       
point2 749.52032780647 11.3640748627 -12.148267148951 0 0 0 0                       
point2 751.71987771988 12.718811189736 -12.33015962169 0 0 0 0                       
point2 753.91951465607 14.055990637027 -12.315117030649 0 0 0 0                       
point2 756.3189766407 15.560382837118 -12.30667738772 0 0 0 0                       
point2 758.71847581863 16.965879700561 -12.319953825299 0 0 0 0                       
point2 761.31791472435 18.513641080929 -12.358854221701 0 0 0 0                       
point2 763.71743869781 19.952944124003 -12.388899640052 0 0 0 0                       
point2 766.01687073708 21.32411388913 -12.426491995025 0 0 0 0                       
point2 769.31617569923 23.307234490518 -12.520425765682 0 0 0 0                       
point2 771.4158437252 24.572788736929 -12.605066122368 0 0 0 0                       
point2 773.81526970863 26.001910287675 -12.701202430248 0 0 0 0                       
point2 776.31471371651 27.471589706935 -12.959323322904 0 0 0 0                       
point2 778.91422867775 28.02948468815 -14.34935385913 0 0 0 0                       
point2 781.41365265846 28.237468987846 -15.819720384607 0 0 0 0                       
point2 784.01303482056 27.479569512949 -17.029515424954 0 0 0 0                       
point2 786.51252675056 26.043548101883 -17.196716991804 0 0 0 0                       
point2 788.91207766533 24.604059729364 -17.147765358185 0 0 0 0                       
point2 792.31131482124 22.563091035419 -17.273263398379 0 0 0 0                       
point2 794.81082963943 21.105227496766 -17.085020831718 0 0 0 0                       
point2 797.21037483215 20.48326844905 -15.866264349364 0 0 0 0                       
point2 799.70975184441 20.367056030808 -14.385905716513 0 0 0 0                       
point2 802.20926785469 20.413335777326 -12.911720051172 0 0 0 0                       
point2 804.70873165131 19.24537371169 -12.143440181596 0 0 0 0                       
point2 807.20825576782 17.767757741608 -12.198818394851 0 0 0 0                       
point2 809.70764875412 16.256783375733 -12.267068764093 0 0 0 0                       
point2 813.40701079369 14.027653975697 -12.36053919139 0 0 0 0                       
point2 816.00638866425 12.427993178114 -12.388455370073 0 0 0 0                       
point2 818.70579481125 10.814357101492 -12.398105623684 0 0 0 0                       
point2 821.2053797245 9.2508711546589 -12.404987982004 0 0 0 0                       
point2 823.80478167534 7.6233709997588 -12.349638843239 0 0 0 0                       
point2 826.30417180061 6.1424920965248 -12.291968410641 0 0 0 0                       
point2 828.9036488533 4.5887967423565 -12.32022585223 0 0 0 0                       
point2 831.50307583809 3.0723828898457 -12.510652912343 0 0 0 0                       
point2 835.20233774185 0.87908972975841 -12.695267835532 0 0 0 0                       
point2 837.70180273056 -0.64907400658076 -12.597496012313 0 0 0 0                       
point2 840.30125570297 -2.2507680746315 -12.482683551901 0 0 0 0                       
point2 842.70076966286 -3.762118460961 -12.372696303947 0 0 0 0                       
point2 845.10023665428 -5.1904745883989 -12.379893054459 0 0 0 0                       
point2 847.69975566864 -6.7230170108038 -12.556211528569 0 0 0 0                       
point2 850.2991528511 -8.3044355188432 -12.71933360481 0 0 0 0                       
point2 852.8986518383 -9.8193533995134 -12.861718716083 0 0 0 0                       
point2 856.69792175293 -12.21754965028 -12.929521223792 0 0 0 0                       
point2 859.19733476639 -12.618386496487 -11.639972501267 0 0 0 0                       
point2 861.79686665535 -12.475245912181 -10.100059388773 0 0 0 0                       
point2 864.19624471664 -12.232072404084 -8.6804177483197 0 0 0 0                       
point2 866.69573569298 -12.114942037908 -7.2012170915954 0 0 0 0                       
point2 869.09519767761 -11.792064234944 -5.7817592704933 0 0 0 0                       
point2 871.49471569061 -10.451061608634 -5.4176033177476 0 0 0 0                       
point2 873.79436779022 -9.0497457847006 -5.3930727727204 0 0 0 0                       
point2 876.39368677139 -7.4592243963649 -5.2778863449247 0 0 0 0                       
point2 879.89305973053 -5.3516387610205 -5.1319635041153 0 0 0 0                       
point2 882.2925157547 -3.8365390669601 -5.0598384788388 0 0 0 0                       
point2 884.89206886292 -2.1687479436328 -4.9990696720705 0 0 0 0                       
point2 887.49140787125 -0.56985788095908 -4.9823008866436 0 0 0 0                       
point2 890.19090986252 1.1111017870615 -4.9892656074456 0 0 0 0                       
point2 892.89032769203 2.749636252618 -5.0332711554798 0 0 0 0                       
point2 895.48984885216 4.378378227191 -5.0865912439119 0 0 0 0                       
point2 897.98929667473 5.8603975970917 -5.152809453907 0 0 0 0                       
point2 901.48859477043 7.8011033290254 -4.8046958262682 0 0 0 0                       
point2 903.98805475235 9.2678811834731 -4.5647104392142 0 0 0 0                       
point2 906.68753671646 10.172325287742 -5.6696263433692 0 0 0 0                       
point2 909.08706283569 10.074135055781 -7.0905396225428 0 0 0 0                       
point2 911.48642468452 9.9871232014744 -8.5124787701799 0 0 0 0                       
point2 913.88601565361 9.8914456624663 -9.9399572716069 0 0 0 0                       
point2 916.28546071053 9.7753314086982 -11.373134401729 0 0 0 0                       
point2 918.58506464958 10.615653196626 -12.269593024826 0 0 0 0                       
point2 921.08448576927 12.184736897441 -12.393075662465 0 0 0 0                       
point2 924.58372473717 13.184662919025 -12.445054233898 0 0 0 0                       
point2 927.0832297802 13.225016550421 -12.446875880311 0 0 0 0                       
point2 929.38274979591 14.596859918107 -12.512208047059 0 0 0 0                       
point2 931.78235077858 16.068552490099 -12.581647457267 0 0 0 0                       
point2 934.28173184395 17.592183865406 -12.668927560729 0 0 0 0                       
point2 936.98116374016 19.217080057712 -12.772533367149 0 0 0 0                       
point2 939.68069577217 20.829870032266 -12.746677165981 0 0 0 0                       
point2 942.38008379936 22.407988447831 -12.557933302924 0 0 0 0                       
point2 946.27927064896 24.705127451357 -12.31545608351 0 0 0 0                       
point2 948.87880778313 26.284972353702 -12.188780846022 0 0 0 0                       
point2 951.57826280594 27.540277877798 -12.886014774965 0 0 0 0                       
point2 954.2776157856 27.898813651886 -14.441141304035 0 0 0 0                       
point2 956.9771168232 28.041730227721 -16.057972794311 0 0 0 0                       
point2 959.67649173737 27.490921300917 -17.477301195108 0 0 0 0                       
point2 962.27598881721 25.986468935111 -17.783854750935 0 0 0 0                       
point2 964.97539877892 24.366264484285 -17.920462128007 0 0 0 0                       
point2 968.97461080551 22.020835304621 -17.761103393022 0 0 0 0                       
point2 971.5740237236 20.884123595085 -16.805506446165 0 0 0 0                       
point2 974.37349677086 20.663709796842 -15.126491461489 0 0 0 0                       
point2 977.17287373543 20.606105163224 -13.446833284941 0 0 0 0                       
point2 979.97241377831 19.781113828225 -12.297450144423 0 0 0 0                       
point2 982.67176270485 18.173711277252 -12.410258075708 0 0 0 0                       
point2 985.4711458683 16.47081023111 -12.526670732941 0 0 0 0                       
point2 988.37054681778 14.748246029129 -12.651717715694 0 0 0 0                       
point2 992.36973667145 12.419630607992 -12.773431375336 0 0 0 0                       
point2 995.06915783882 10.710022132779 -12.812803312147 0 0 0 0                       
point2 998.16861367226 8.8064277332983 -12.832721107988 0 0 0 0                       
point2 1000.9679226875 7.1029227974689 -12.78821566149 0 0 0 0                       
point2 1003.8673977852 5.3324084978123 -12.72963718354 0 0 0 0                       
point2 1006.7667226791 4.8486388679561 -14.144552227328 0 0 0 0                       
point2 1009.5661597252 4.8903900559007 -15.812079047341 0 0 0 0                       
point2 1012.1656208038 4.5434682147839 -17.284469323167 0 0 0 0                       
point2 1015.9648077488 2.3167682425492 -17.472373405158 0 0 0 0                       
point2 1018.3643026352 0.90933707522878 -17.390014533255 0 0 0 0                       
point2 1020.7638757229 -0.53960061113573 -17.286776794893 0 0 0 0                       
point2 1023.163413763 -1.9957358899883 -17.162282071877 0 0 0 0                       
point2 1025.4628837109 -3.3409879388386 -17.017267981338 0 0 0 0                       
point2 1027.8624546528 -4.4140287108825 -16.226026129166 0 0 0 0                       
point2 1030.3618278503 -4.4506112446365 -14.738689620093 0 0 0 0                       
point2 1032.7613158226 -4.3095737031073 -13.32588409095 0 0 0 0                       
point2 1035.2609658241 -4.9456001761976 -12.113151773489 0 0 0 0                       
point2 1039.2599887848 -7.3764753295629 -12.21032485812 0 0 0 0                       
point2 1041.8594088554 -8.9375611148799 -12.489054823874 0 0 0 0                       
point2 1044.5589327812 -10.547832003926 -12.739172967481 0 0 0 0                       
point2 1047.4582707882 -12.201133099061 -12.191058116111 0 0 0 0                       
point2 1050.257712841 -12.3755538755 -10.52328253773 0 0 0 0                       
point2 1052.8571207523 -12.254572219395 -8.9527888392663 0 0 0 0                       
point2 1055.3566968441 -12.375464576293 -7.4425523063722 0 0 0 0                       
point2 1057.8562898636 -12.494776216282 -5.9514085263851 0 0 0 0                       
point2 1061.7554187775 -12.153798473742 -5.0051073119344 0 0 0 0                       
point2 1064.3548257351 -12.153798473742 -5.0051073119344 0 0 0 0                       
point2 1067.0542798042 -12.153798473742 -5.0051073119344 0 0 0 0                       
point2 1069.8536958694 -12.153798473742 -5.0051073119344 0 0 0 0                       
point2 1072.5532107353 -12.153798473742 -5.0051073119344 0 0 0 0                       
point2 1075.3524837494 -12.153798473742 -5.0051073119344 0 0 0 0                       
point2 1078.0519757271 -12.153798473742 -5.0051073119344 0 0 0 0                       
point2 1080.9513947964 -12.153798473742 -5.0051073119344 0 0 0 0                       
point2 1084.9504647255 -12.153798473742 -5.0051073119344 0 0 0 0                       
point2 1087.7499678135 -12.153798473742 -5.0051073119344 0 0 0 0                       
point2 1090.8493247032 -12.153798473742 -5.0051073119344 0 0 0 0                       
point2 1093.7486748695 -12.153798473742 -5.0051073119344 0 0 0 0                       
point2 1096.6480617523 -12.153798473742 -5.0051073119344 0 0 0 0                       
point2 1099.647456646 -12.153798473742 -5.0051073119344 0 0 0 0                       
point2 1102.5468628407 -11.810631140296 -4.8948435791841 0 0 0 0                       
point2 1106.8459336758 -11.639071287965 -4.9549648721494 0 0 0 0                       
point2 1109.8453688622 -11.639047863599 -4.9549702242714 0 0 0 0                       
point2 1113.0446708202 -9.9349828874251 -5.3203103419319 0 0 0 0                       
point2 1116.0440306664 -8.11612505903 -5.2357978812011 0 0 0 0                       
point2 1118.8434138298 -6.3821652139853 -5.0742057386253 0 0 0 0                       
point2 1121.842928648 -4.6215623863562 -4.8787909729262 0 0 0 0                       
point2 1124.8421757221 -2.834579890262 -4.7589335057685 0 0 0 0                       
point2 1129.2413358688 -0.13858840532701 -4.6730302106106 0 0 0 0                       
point2 1132.1407737732 1.6369245238507 -4.68012283762 0 0 0 0                       
point2 1135.0401816368 3.4481451792522 -4.7172002393018 0 0 0 0                       
point2 1137.8395767212 5.0939076537457 -4.8564216840582 0 0 0 0                       
point2 1140.5390946865 6.6793387027277 -5.147414695696 0 0 0 0                       
point2 1143.3383817673 8.1315984101895 -4.9655111549129 0 0 0 0                       
point2 1146.1378078461 8.1315984101895 -4.9655111549129 0 0 0 0                       
point2 1148.8372547626 9.3332563888791 -4.9521504677096 0 0 0 0                       
point2 1153.1364326477 10.080451601184 -7.2744356939768 0 0 0 0                       
point2 1155.8358147144 10.021488509319 -8.8663916235575 0 0 0 0                       
point2 1158.6352686882 9.961846485714 -10.544053138472 0 0 0 0                       
point2 1161.4346318245 9.7253085596371 -12.218880307046 0 0 0 0                       
point2 1164.2341947556 8.0850639192172 -12.544733708011 0 0 0 0                       
point2 1166.8334877491 6.5442846416138 -12.499166900461 0 0 0 0                       
point2 1169.5329396725 4.8885082200514 -12.463899348373 0 0 0 0                       
point2 1172.4323778152 3.1272121935595 -12.37489215822 0 0 0 0                       
point2 1176.7315278053 0.50230164859645 -12.24506787184 0 0 0 0                       
point2 1179.4309127331 -1.1039455341159 -12.306645894028 0 0 0 0                       
point2 1182.1304137707 -2.7420008587293 -12.349716651742 0 0 0 0                       
point2 1184.9297378063 -4.4327587876444 -12.382540120256 0 0 0 0                       
point2 1187.7292976379 -6.1677348102654 -12.410805866222 0 0 0 0                       
point2 1190.7285437584 -7.9789329853203 -12.41197094629 0 0 0 0                       
point2 1193.6279637814 -9.7367510213953 -12.388983566967 0 0 0 0                       
point2 1196.6273107529 -11.560680987019 -12.312242898145 0 0 0 0                       
point2 1200.9264297485 -12.568515824242 -10.347805861355 0 0 0 0                       
point2 1203.5259666443 -12.548915321487 -8.7399125837229 0 0 0 0                       
point2 1206.4252307415 -12.792303728156 -7.0187835577751 0 0 0 0                       
point2 1209.3247177601 -12.82811621671 -5.2691325816904 0 0 0 0                       
point2 1212.3241126537 -12.78131134994 -3.4342000208544 0 0 0 0                       
point2 1215.6233756542 -12.66018832115 -1.4824065509779 0 0 0 0                       
point2 1218.9227128029 -12.803419666166 0.53514487183307 0 0 0 0                       
point2 1223.5217778683 -12.912668459419 3.3160924667402 0 0 0 0                       
point2 1226.5210797787 -12.920774596542 5.1454884342006 0 0 0 0                       
point2 1229.5204808712 -12.911048804221 6.9608703084446 0 0 0 0                       
point2 1232.6198136806 -12.862915114954 8.8299386385667 0 0 0 0                       
point2 1235.7192778587 -12.767451043953 10.686496459361 0 0 0 0                       
point2 1238.7185957432 -12.032292771522 12.265738696127 0 0 0 0                       
point2 1241.81807971 -10.176209487645 12.451363225081 0 0 0 0                       
point2 1246.3170118332 -7.397630269914 12.485010982058 0 0 0 0                       
point2 1249.2163727283 -5.6149392461729 12.46483425904 0 0 0 0                       
point2 1252.2158868313 -3.7940902756691 12.43563906326 0 0 0 0                       
point2 1255.2151567936 -1.9924560289727 12.387414906963 0 0 0 0                       
point2 1258.3145806789 -0.31168616549477 12.801632674979 0 0 0 0                       
point2 1261.3138308525 -0.35479414229075 14.64589341747 0 0 0 0                       
point2 1264.2132236958 -0.28539744067384 16.453241472818 0 0 0 0                       
point2 1268.4123928547 1.8871124892106 17.311524501405 0 0 0 0                       
point2 1271.211815834 3.5881062498278 17.235229985678 0 0 0 0                       
point2 1274.3112046719 5.4817775749209 17.155316587006 0 0 0 0                       
point2 1277.2105526924 7.2044169289367 17.043617472394 0 0 0 0                       
point2 1280.2099428177 8.9874362889443 16.891794555597 0 0 0 0                       
point2 1283.2093126774 10.334727929192 15.944295804653 0 0 0 0                       
point2 1286.2086448669 10.143373074433 14.151982607955 0 0 0 0                       
point2 1290.8077197075 9.8071721478993 11.41229319804 0 0 0 0                       
point2 1293.7072048187 10.051823260259 9.6552737769271 0 0 0 0                       
point2 1296.5065207481 10.25008892998 7.9905966097231 0 0 0 0                       
point2 1299.3059887886 10.422541254107 6.3015463159082 0 0 0 0                       
point2 1302.1053576469 10.366078601598 4.6506990574188 0 0 0 0                       
point2 1305.2047607899 10.303436829399 2.7758979615599 0 0 0 0                       
point2 1308.304104805 10.190096597114 0.90493534750748 0 0 0 0                       
point2 1313.0031957626 10.046346061354 -1.9513758859172 0 0 0 0                       
point2 1316.1025257111 10.195148472432 -3.8145192177561 0 0 0 0                       
point2 1319.3018548489 10.299055025922 -5.7443073052581 0 0 0 0                       
point2 1322.3013107777 10.354568502217 -7.567445601838 0 0 0 0                       
point2 1325.5004947186 10.39074649616 -9.5127882793886 0 0 0 0                       
point2 1328.5998778343 10.398386612921 -11.389321194253 0 0 0 0                       
point2 1331.7991657257 9.3378491472486 -12.734176214874 0 0 0 0                       
point2 1336.5981857777 6.4718004264683 -12.589018017174 0 0 0 0                       
point2 1339.6976318359 4.5947259648505 -12.647478416508 0 0 0 0                       
point2 1342.8969037533 2.6198561310953 -12.657535905447 0 0 0 0                       
point2 1346.0962908268 0.68933041155872 -12.638887839905 0 0 0 0                       
point2 1349.0955758095 -0.10143894884828 -12.618670825764 0 0 0 0                       
point2 1352.19506073 -0.10143894884828 -12.618670825764 0 0 0 0                       
point2 1355.2942898273 -0.10143894884828 -12.618670825764 0 0 0 0                       
point2 1360.2932517529 -0.10143894884828 -12.618670825764 0 0 0 0                       
point2 1363.3925926685 -0.10143894884828 -12.618670825764 0 0 0 0                       
point2 1366.492058754 -0.10143894884828 -12.618670825764 0 0 0 0                       
point2 1369.7912917137 -0.10143894884828 -12.618670825764 0 0 0 0                       
point2 1373.2905488014 -0.10143894884828 -12.618670825764 0 0 0 0                       
point2 1376.689858675 -0.10143894884828 -12.618670825764 0 0 0 0                       
point2 1380.0891177654 -0.10143894884828 -12.618670825764 0 0 0 0                       
